100
111 111 105 105 107 111 106 101 109 102 106 100 110 105 102 111 108 104 104 107 110 109 104 109 111 100 101 103 100 110 109 103 111 107 104 104 100 104 101 105 111 109 111 100 101 110 111 106 102 106 109 111 109 100 103 102 102 103 101 107 110 103 101 106 105 110 108 110 101 110 111 104 110 111 108 101 110 104 108 108 108 102 101 101 108 105 106 111 104 102 109 104 110 106 102 108 108 100 102 110
0 0 0 0 0 0 0 0 0 0 0 0 0 0 103 0 0 0 104 105 101 105 100 102 0 0 0 0 100 0 0 0 0 0 100 100 0 0 0 0 0 0 100 0 0 0 0 0 100 0 0 0 0 100 101 0 0 0 0 0 0 0 0 0 0 0 0 0 0 100 0 0 0 103 0 0 0 0 0 101 102 104 0 0 0 0 103 0 0 0 0 0 0 104 0 0 0 103 0 
0 0 0 0 0 0 0 0 0 0 0 101 0 105 0 0 0 105 0 103 0 0 103 0 101 0 0 0 105 102 101 0 106 0 0 103 102 0 0 0 0 0 0 105 0 0 0 102 0 106 0 103 0 103 0 0 0 0 0 0 0 0 0 0 103 0 0 0 0 0 101 0 105 0 0 0 0 0 103 0 0 0 0 0 106 0 0 0 106 0 0 0 106 0 0 101 104 104 
0 0 0 0 0 0 103 0 0 104 0 0 0 0 0 0 0 0 0 107 102 0 0 0 104 0 102 0 0 0 105 0 0 102 0 0 0 106 0 0 0 0 106 103 0 105 103 0 0 0 0 0 103 0 0 102 105 0 0 107 0 0 0 0 104 0 0 0 0 102 0 0 0 0 0 0 0 103 0 0 0 0 105 0 106 0 105 0 103 0 104 0 0 106 0 105 105 
109 0 108 0 108 106 0 0 107 0 0 0 0 108 0 0 0 0 0 105 0 0 0 0 0 0 0 106 105 0 0 106 105 107 0 0 0 0 0 105 108 0 0 0 0 0 0 0 111 107 0 0 0 0 0 107 0 0 0 0 0 0 0 0 0 106 106 0 105 110 0 0 0 0 0 0 0 0 0 0 0 0 0 0 0 0 110 0 0 0 0 0 0 0 0 0 
0 0 0 0 0 0 109 106 0 0 0 0 107 0 0 0 0 0 0 0 0 0 0 108 0 109 105 0 0 0 0 0 106 0 0 0 0 107 104 107 0 0 0 0 0 109 0 0 0 104 105 109 0 0 0 109 0 109 0 0 0 106 0 0 105 0 0 0 0 108 0 0 0 0 0 0 106 0 0 0 0 0 0 0 0 0 0 0 106 109 0 0 0 0 0 
0 0 0 105 0 0 0 0 106 0 0 0 0 0 0 0 0 104 0 109 104 0 0 0 0 0 0 0 109 105 104 0 105 107 0 107 0 0 0 0 0 105 0 0 0 0 0 0 0 0 0 0 0 0 0 0 0 0 0 0 0 0 109 0 0 0 0 0 0 0 0 0 0 0 105 106 0 0 0 0 0 0 0 0 109 0 0 0 0 0 0 104 0 0 
0 0 0 0 108 105 0 0 0 0 0 105 0 0 0 0 103 105 108 103 0 0 103 0 104 103 107 0 0 0 0 0 0 0 0 0 0 0 0 0 0 107 0 0 0 0 0 0 0 108 0 103 0 0 0 0 103 0 0 0 0 0 104 0 0 0 0 107 105 0 0 0 107 0 0 0 0 105 0 0 0 0 107 0 0 0 105 0 0 107 0 107 0 
0 103 106 0 0 0 104 106 107 106 105 0 0 0 0 0 0 0 0 0 0 103 0 0 103 106 107 103 0 0 0 106 0 0 0 0 0 0 0 103 106 103 107 0 0 0 102 104 0 0 0 0 0 0 0 103 0 0 0 0 0 0 0 0 0 0 106 0 0 0 0 0 0 0 0 103 0 105 107 106 0 106 107 0 0 0 0 0 0 0 0 0 
0 0 0 0 0 105 0 0 0 0 0 0 0 108 103 0 108 0 0 0 0 107 104 0 107 0 0 0 0 104 0 0 0 0 0 0 0 104 0 0 0 0 0 0 0 0 0 108 108 0 0 0 0 0 0 0 0 0 0 0 0 0 0 0 0 0 0 0 0 0 0 0 0 0 0 0 0 0 0 0 0 0 0 0 0 108 0 0 0 0 0 
0 0 102 0 0 0 0 0 103 0 0 0 0 0 103 106 0 0 0 101 0 0 101 0 105 0 0 0 0 104 0 0 0 0 104 105 0 0 0 0 105 0 106 103 0 0 0 106 101 0 0 0 0 0 103 101 0 0 0 0 0 103 100 0 0 103 0 0 0 0 0 103 0 0 0 103 0 104 0 0 105 0 0 0 0 0 0 0 0 0 
0 0 0 0 0 108 0 106 0 109 0 0 0 0 0 0 105 108 0 0 0 104 0 0 0 0 0 0 0 0 0 0 0 0 0 0 0 0 0 0 109 0 106 0 105 0 0 0 0 0 108 0 104 0 0 0 0 108 0 0 0 103 0 0 106 108 0 0 0 0 0 0 104 105 0 0 0 107 107 0 0 109 0 0 0 0 0 0 0 
0 0 0 0 110 108 0 0 0 0 0 0 0 0 0 0 0 0 109 0 0 0 0 106 105 107 0 0 109 108 108 0 0 0 0 0 108 0 0 0 0 0 0 0 0 111 0 0 0 0 0 0 107 0 0 0 0 0 0 0 105 110 0 107 0 111 0 0 0 107 0 105 0 107 110 0 0 0 0 0 0 107 0 0 0 0 0 0 
0 0 0 0 105 0 0 0 0 0 102 104 0 101 0 0 0 0 0 0 0 0 0 0 0 0 0 105 104 105 0 0 0 0 0 0 0 0 0 0 0 0 103 107 0 0 104 106 0 0 0 0 102 0 0 0 0 102 0 0 0 0 104 0 0 0 0 0 0 106 0 0 0 106 0 0 105 106 0 0 0 106 0 0 0 105 0 
0 103 104 0 0 0 0 101 105 0 0 105 100 101 103 0 104 100 0 0 0 0 100 0 0 103 0 0 103 0 103 0 0 0 103 0 104 0 0 0 100 101 0 0 0 0 104 0 0 0 0 0 0 0 0 100 0 102 0 104 0 0 0 0 0 0 0 102 0 100 0 0 0 0 103 0 0 0 105 0 0 0 0 0 0 102 
105 106 0 104 106 0 0 0 0 104 0 0 0 0 0 0 0 102 105 0 0 102 104 0 0 0 0 0 0 105 0 103 0 0 0 0 0 107 0 101 0 107 0 102 0 0 0 106 0 104 0 0 0 0 102 0 0 0 0 0 0 0 0 0 0 0 104 0 0 0 104 0 0 0 0 0 0 0 0 0 0 0 102 0 104 
108 107 0 0 0 0 109 104 106 0 0 105 0 0 0 0 0 0 0 0 104 0 0 0 108 0 0 103 0 0 105 0 0 0 0 0 0 0 0 0 109 0 0 0 0 0 0 0 0 0 0 0 0 104 104 0 0 108 0 0 108 0 0 0 0 0 0 0 0 0 108 0 0 0 0 104 0 0 0 108 0 0 0 0 
108 0 0 110 106 0 0 0 0 0 106 0 105 0 105 0 0 0 0 0 0 0 0 108 0 0 0 0 109 0 0 0 0 109 0 0 0 104 0 110 0 0 107 0 110 110 0 0 0 107 0 109 0 0 0 0 0 0 0 0 0 0 0 106 107 0 105 106 0 0 0 108 0 0 105 110 0 0 0 108 0 0 107 
0 0 0 105 108 0 0 108 0 0 0 0 0 0 103 0 0 104 0 105 104 0 0 0 107 0 0 0 0 0 0 0 107 0 0 105 0 0 108 108 0 105 0 0 108 0 0 0 0 105 0 0 104 0 0 108 107 0 107 0 0 107 104 0 107 0 0 0 0 0 107 0 108 104 0 0 0 0 0 0 0 0 
0 0 0 0 0 0 0 0 104 0 0 0 0 0 0 0 0 0 0 0 105 0 0 0 0 0 0 0 0 0 103 0 0 0 105 102 0 0 0 0 0 0 0 0 102 105 102 0 104 0 0 0 105 0 0 0 0 0 0 0 0 0 0 0 0 0 0 0 0 0 0 107 0 0 104 0 0 0 0 0 0 
0 0 109 0 0 109 104 0 0 0 109 0 0 107 0 105 0 0 0 0 108 0 107 0 0 0 105 105 0 105 109 0 0 0 104 0 0 0 0 0 109 0 0 0 106 0 0 0 0 0 0 0 0 0 0 106 0 0 0 0 0 106 0 0 0 106 0 108 107 0 0 0 109 0 0 0 0 0 0 0 
107 0 0 0 0 0 0 0 0 0 0 0 108 110 0 0 107 0 0 109 108 0 0 108 109 0 106 108 0 109 0 111 0 0 0 111 0 0 0 0 0 0 0 107 105 0 107 0 0 0 0 105 0 109 0 0 111 0 0 0 0 0 105 0 107 110 0 0 0 0 0 0 0 110 0 109 0 0 0 
107 0 104 0 0 0 0 0 0 0 102 105 106 0 0 104 0 0 0 0 0 101 0 106 0 0 0 0 106 0 0 0 101 0 107 107 0 0 0 106 0 0 0 0 0 104 0 102 102 0 0 0 0 0 106 0 0 105 0 0 106 0 104 0 0 0 0 0 0 0 0 0 0 0 0 0 0 0 
0 0 0 0 0 109 0 109 0 105 0 0 0 0 0 106 0 0 108 0 0 0 0 106 0 108 0 0 0 0 0 0 0 0 111 0 107 0 110 0 105 0 0 0 0 0 0 0 0 0 0 0 0 0 0 105 109 0 0 109 0 0 0 110 0 108 108 0 0 0 0 0 0 0 0 0 0 
0 0 0 0 0 101 104 0 0 103 105 101 0 0 0 0 104 0 0 100 0 0 0 0 0 0 104 0 0 102 0 0 0 105 0 0 0 0 105 0 0 0 102 0 0 0 0 0 0 0 0 102 0 0 0 0 101 0 0 0 0 102 0 0 0 103 105 0 105 0 0 105 0 101 103 0 
0 0 104 0 102 0 0 0 0 0 0 0 0 0 0 106 0 0 0 0 106 0 0 0 0 0 107 107 0 0 0 0 0 0 0 0 0 0 0 0 0 0 104 106 103 103 0 102 0 106 0 0 0 0 106 0 0 106 0 0 0 0 0 0 0 0 0 0 104 0 0 0 0 0 0 
0 0 109 0 109 0 0 0 0 0 0 107 106 0 0 0 108 0 0 109 0 106 0 106 0 0 111 0 0 0 0 0 0 107 0 110 0 0 0 105 0 107 0 0 0 0 105 0 0 107 109 0 0 109 0 0 0 0 0 0 110 0 108 0 0 0 0 107 0 0 0 0 0 0 
0 103 100 104 0 100 0 0 0 0 0 0 0 0 0 103 0 0 0 0 0 103 0 104 0 0 0 0 101 0 105 0 0 0 104 104 100 0 0 0 0 0 100 0 0 0 0 0 0 0 0 0 0 0 102 0 0 0 0 104 0 0 0 0 0 105 101 0 0 0 0 0 102 
0 102 0 0 0 0 0 0 0 0 0 0 0 0 0 101 0 0 0 102 0 0 0 107 0 0 0 0 0 0 0 0 0 0 0 0 0 0 0 0 0 0 102 0 0 0 105 0 0 0 102 0 0 104 0 102 0 0 0 105 0 0 106 0 0 104 0 106 0 102 0 0 
0 108 0 0 0 0 0 0 0 0 0 0 0 0 103 107 108 0 0 0 0 108 0 0 0 0 0 0 0 0 0 0 0 0 0 0 104 0 105 108 0 0 0 103 0 108 106 0 0 0 0 0 0 0 104 105 0 108 0 0 107 0 104 109 105 0 108 0 104 0 0 
104 0 101 0 0 0 0 0 0 0 0 0 0 0 0 0 0 0 0 0 0 0 0 0 0 101 105 0 0 0 0 0 0 0 0 0 102 0 0 0 0 0 100 0 0 102 0 0 0 0 0 0 0 0 102 0 0 0 0 0 105 0 0 0 105 0 0 0 103 0 
0 0 0 0 0 0 0 0 0 0 107 0 0 0 109 0 0 107 0 0 0 0 0 0 0 109 109 104 0 109 0 109 0 106 0 0 106 0 0 0 0 0 0 0 0 0 0 104 0 0 0 0 0 106 0 109 0 0 0 0 0 0 0 0 109 0 0 0 0 
0 0 105 102 0 103 0 0 0 103 104 0 104 0 0 0 104 0 0 106 106 0 0 0 106 106 0 0 0 105 105 0 103 101 0 102 105 0 102 103 0 105 0 0 0 0 0 104 0 0 0 101 0 0 0 0 0 0 105 0 106 0 0 105 0 0 0 0 
0 0 0 101 0 0 0 0 0 103 100 0 0 101 101 0 0 0 0 0 102 100 0 0 0 0 0 104 105 0 101 0 0 0 102 0 0 0 0 100 0 0 0 0 0 0 0 101 0 104 0 0 0 0 0 0 0 0 101 105 0 0 105 0 0 0 0 
0 104 0 105 0 107 0 0 0 0 107 0 0 0 0 0 107 0 0 0 0 0 0 0 0 0 0 0 0 103 0 103 0 105 0 0 0 0 0 0 107 105 0 0 0 0 0 105 0 0 105 105 0 107 0 0 108 0 108 0 0 108 0 0 0 0 
105 105 0 105 0 0 107 0 104 108 0 106 105 0 0 0 0 0 0 0 106 0 110 0 107 109 110 0 0 0 0 0 0 0 0 0 0 104 0 108 107 0 110 105 0 106 0 109 0 106 0 0 108 108 0 0 0 0 0 110 0 0 0 0 0 
0 0 0 0 0 103 0 0 0 0 0 102 0 0 0 0 106 103 0 0 0 0 0 103 0 0 0 0 103 0 0 0 0 102 102 0 0 0 0 0 0 0 101 0 0 0 0 101 0 103 0 0 104 0 0 102 0 0 105 105 104 101 0 0 
102 101 103 0 0 0 0 0 104 0 0 0 0 0 0 105 102 0 0 105 0 0 0 0 0 105 0 102 0 102 0 104 101 101 0 0 0 104 0 0 105 0 0 101 0 0 0 0 0 0 0 0 0 0 0 0 0 105 0 104 0 103 0 
0 0 0 0 0 0 0 0 0 0 0 0 0 107 0 0 0 103 0 0 102 105 0 0 0 0 0 102 0 104 106 103 0 0 0 0 0 105 0 107 0 0 103 0 0 102 104 0 0 106 0 0 0 0 0 0 0 0 0 0 0 105 
0 104 0 0 0 104 0 0 0 104 0 0 0 0 0 0 102 0 0 0 0 0 0 105 0 0 101 0 0 0 102 0 0 100 0 0 0 0 0 0 0 0 0 0 0 0 0 0 0 0 0 0 0 0 0 0 0 104 0 0 0 
0 106 0 0 107 107 0 104 107 0 0 0 0 0 0 0 0 0 0 0 0 108 0 103 0 0 0 0 0 0 0 0 0 108 107 0 0 0 0 0 0 0 0 0 0 0 0 107 107 0 0 0 0 0 0 0 0 103 0 106 
0 0 103 0 0 0 104 0 0 0 0 109 106 0 0 109 0 0 106 0 0 108 0 106 0 0 0 0 0 104 0 103 0 108 0 0 0 0 108 0 106 0 0 0 106 108 108 0 0 0 104 0 0 0 0 0 0 0 0 
0 0 0 0 0 0 106 0 107 0 0 105 0 0 108 0 0 0 0 0 107 103 105 0 0 0 0 0 0 0 0 107 106 0 0 0 0 106 0 0 0 0 104 0 0 106 0 0 107 103 0 104 0 0 0 0 0 0 
0 0 0 0 0 0 104 0 0 0 0 0 0 0 0 0 105 0 0 0 0 0 0 0 105 0 104 104 0 0 0 107 0 107 0 0 107 104 0 0 0 105 0 108 0 0 0 0 0 0 0 108 0 107 103 0 0 
103 104 0 0 0 0 0 105 105 0 0 0 0 0 0 102 104 0 0 100 102 0 0 0 104 0 0 102 0 104 0 0 0 0 100 0 0 0 0 0 0 0 104 0 0 0 0 0 0 0 0 0 103 0 0 0 
0 0 0 0 0 0 0 0 0 0 104 108 0 0 105 107 0 108 103 0 0 0 0 0 104 104 105 0 108 0 0 0 0 0 0 104 0 0 0 0 0 108 0 0 0 0 104 108 0 0 0 0 0 0 0 
105 0 0 0 109 0 109 0 0 0 0 109 104 0 109 0 0 104 0 0 106 0 0 0 0 0 0 0 108 0 109 109 104 108 0 0 0 0 106 106 0 108 0 0 0 0 109 106 0 0 108 0 0 0 
0 0 0 105 0 0 103 101 0 0 106 101 103 0 0 106 0 0 101 103 0 0 0 0 0 0 106 0 0 0 0 0 0 0 0 0 0 103 0 106 105 0 0 0 0 0 0 0 0 0 0 0 104 
0 0 105 0 0 0 100 102 0 0 0 0 0 0 0 101 103 0 0 0 0 0 0 0 0 0 0 0 0 0 0 0 102 0 0 0 0 0 105 0 0 0 0 0 0 0 105 0 104 0 104 0 
0 0 108 0 0 0 0 0 0 0 0 0 108 108 0 105 0 0 0 0 104 0 0 0 0 107 0 0 0 0 0 0 0 0 0 0 105 0 0 107 0 108 0 0 105 0 0 107 103 107 0 
0 0 106 103 0 102 0 106 101 0 0 0 0 0 0 101 0 0 105 0 0 0 0 0 0 0 0 106 101 104 0 0 105 0 102 0 0 0 0 0 0 0 0 0 0 0 0 0 104 103 
109 109 106 0 105 0 0 0 0 0 109 0 0 0 0 0 0 0 105 0 0 0 0 0 106 0 0 104 108 0 0 0 0 0 106 0 0 0 0 0 0 0 106 0 0 0 0 0 0 
0 0 0 0 0 0 0 0 0 0 0 0 0 0 0 107 0 0 0 107 0 0 0 0 0 0 0 0 0 107 0 0 0 107 0 0 0 0 0 0 0 0 0 110 0 0 0 0 
107 0 0 111 111 0 0 0 0 0 0 0 0 0 0 0 0 106 0 0 0 0 0 0 0 0 109 0 0 0 0 107 0 0 0 108 0 0 0 0 107 0 110 0 0 0 0 
0 0 0 0 0 0 0 0 107 0 0 0 0 0 106 0 0 0 0 0 0 0 0 0 0 0 0 0 0 0 0 0 107 106 0 0 0 0 0 0 0 0 0 0 0 0 
101 0 0 100 0 0 0 104 0 0 100 0 0 0 100 100 0 0 104 0 0 0 105 0 103 101 0 104 100 101 0 104 0 103 0 0 0 0 101 0 0 0 0 103 0 
0 0 0 0 0 106 0 0 103 101 0 103 0 0 0 0 101 0 105 0 0 106 101 0 0 0 0 101 103 0 0 105 0 0 0 0 0 0 0 106 105 0 104 0 
111 105 0 0 110 110 0 107 0 107 0 0 0 106 107 0 110 0 0 0 0 0 0 0 0 0 0 107 107 0 0 108 0 0 106 0 0 0 110 0 0 0 0 
0 0 0 0 0 105 107 0 0 107 0 0 106 0 105 0 0 0 0 0 0 0 0 0 109 0 0 0 0 0 0 0 0 0 0 0 110 0 109 0 0 0 
102 104 0 0 0 0 101 0 0 0 0 0 0 0 0 0 0 0 0 0 104 101 0 0 0 0 0 0 0 0 103 0 0 0 102 0 0 0 101 0 0 
0 0 0 0 105 0 0 0 106 0 0 0 0 0 0 105 0 107 102 0 103 105 0 0 104 0 0 0 0 105 107 0 0 0 0 107 0 102 0 0 
109 0 0 0 0 106 0 0 0 0 0 104 0 0 0 0 109 0 0 0 0 0 0 0 106 109 0 0 107 0 105 109 0 0 0 0 0 0 107 
110 105 107 0 107 0 0 105 0 0 0 0 0 0 0 0 0 0 0 0 0 0 106 0 0 108 0 0 0 105 0 0 0 110 0 0 0 0 
0 0 0 0 0 109 0 0 0 0 0 0 0 0 0 105 0 0 107 0 105 0 0 0 0 0 108 0 105 0 0 0 0 0 105 0 0 
0 0 0 0 0 0 101 0 0 105 0 0 0 0 0 0 0 102 0 0 0 0 105 0 0 0 0 0 0 0 0 0 0 0 103 0 
0 0 104 0 0 103 0 0 0 0 0 0 0 0 106 0 0 0 102 0 0 0 0 105 0 107 0 0 0 107 0 106 102 0 0 
0 0 0 0 0 102 0 0 104 0 0 0 0 0 101 102 0 0 0 0 0 0 0 103 0 0 105 102 0 105 0 0 0 0 
0 106 0 0 105 0 0 0 0 106 107 0 0 0 0 0 102 0 105 0 0 0 0 0 0 107 0 0 0 106 102 0 0 
106 102 0 104 0 0 105 104 0 0 0 105 0 0 106 102 104 0 0 0 0 0 0 102 0 104 106 0 105 0 0 0 
105 0 0 0 109 0 106 0 0 0 0 0 0 0 0 106 0 0 0 0 107 109 0 0 0 0 0 0 0 0 107 
0 103 0 105 0 0 0 0 0 0 0 0 0 101 102 103 0 0 0 0 0 0 0 0 0 0 0 101 104 0 
0 100 105 0 0 105 0 0 0 102 0 0 0 102 0 0 104 104 0 0 102 0 0 105 0 0 0 0 103 
0 0 0 0 0 0 102 106 0 105 0 0 104 0 0 0 0 0 107 0 0 0 107 107 0 0 0 0 
0 0 0 104 0 100 0 101 0 0 100 0 0 0 0 103 0 0 100 105 0 0 0 0 100 0 0 
0 107 0 0 0 0 0 0 0 0 0 107 0 0 108 108 0 0 0 0 0 110 0 0 0 107 
0 0 0 104 0 0 106 0 104 0 106 0 0 0 0 108 0 0 105 0 0 0 0 0 0 
0 0 0 106 103 0 0 0 0 0 107 0 0 0 0 0 0 0 0 0 0 0 0 105 
0 0 0 0 0 109 0 0 0 0 0 0 0 0 0 0 106 109 0 108 104 0 107 
0 0 0 0 0 105 0 0 0 0 0 0 110 0 0 0 0 0 0 105 0 0 
0 0 102 104 0 0 102 0 104 103 0 105 0 0 0 0 105 104 0 0 0 
105 106 0 0 105 0 108 0 0 107 0 0 0 0 0 108 0 0 107 0 
103 0 0 0 103 0 0 0 0 0 0 0 0 0 0 105 101 0 104 
0 0 104 105 0 106 0 0 0 0 0 0 0 0 0 0 105 105 
0 0 106 0 0 107 107 0 0 0 106 0 0 108 0 107 0 
0 0 0 0 0 0 0 0 105 0 0 0 104 101 0 103 
104 0 0 0 0 106 102 0 0 0 0 0 0 105 0 
0 0 0 105 0 0 0 104 0 107 0 102 105 0 
108 0 0 110 0 0 0 0 0 0 105 108 0 
0 0 0 0 109 0 0 108 0 104 0 0 
107 0 104 0 0 108 0 0 0 0 0 
108 0 0 0 0 0 0 103 107 0 
0 110 0 0 110 0 0 0 107 
0 0 105 0 0 0 0 0 
0 110 0 0 0 0 0 
0 0 0 102 0 104 
0 108 0 0 107 
0 105 0 0 
0 107 106 
103 103 
0 
 
0
3247
 100 103 105 111 109 109 107 106 107 102 108 111 104 100 104 108 110 107 105 109 111 104 111 101 105 111 100 104 108 101 109 102 101 107 110 102 101 105 102 107 108 106 107 100 107 109 103 102 107 102 109 111 111 105 100 103 111 111 101 105 109 110 110 101 105 101 105 104 109 102 102 105 100 110 108 105 109 111 101 108 103 105 109 101 104 105 110 108 107 107 110 102 111 104 110 110 108 101 107 106
