200
3231 730 200 811 2624 250 1652 537 2905 1080 2860 2682 1887 932 232 1639 519 216 2381 558 1198 2425 2403 587 2825 2477 2583 2095 667 1717 3094 292 2623 1661 3017 2993 1217 3128 1734 1066 168 930 1635 3271 1713 2383 1567 2331 2369 2281 2255 1785 272 1555 2623 2953 1627 2913 1286 2294 3014 2857 2017 135 1286 1515 2206 326 1215 2586 2569 2738 1782 1415 490 2415 890 1279 2174 542 3057 352 1873 533 1609 1409 2167 3215 1185 2211 1466 1604 1942 1587 1352 2658 1060 447 2085 298 2324 1341 3263 1930 3012 1664 103 2157 1165 308 2163 2495 839 844 1384 1609 1084 1584 673 2024 1495 2291 1288 1151 1220 1065 896 2342 163 1132 1455 2590 2494 823 365 1816 2436 2090 821 3245 253 110 2150 977 148 2271 865 3245 2350 1890 1674 1623 1921 2208 950 133 2200 2212 810 894 868 3108 2094 2180 1000 1720 2148 2163 2626 2868 2473 1141 863 728 718 1485 2288 411 1103 2249 300 2998 3292 420 1605 1979 769 2433 3173 332 2916 324 1380 2074 1324 445 1316 2117 2124 575
2521 0 0 0 2005 0 0 1853 0 0 0 0 2527 2342 0 0 0 0 0 0 0 0 0 2157 994 2645 0 0 0 0 0 0 0 0 2085 0 0 0 0 0 0 2408 0 2441 0 0 0 2686 2643 1417 0 0 2021 2354 1504 934 0 0 1128 0 0 0 0 2579 0 0 0 0 0 0 0 0 0 0 0 0 0 0 2605 0 2471 0 0 0 0 0 2462 0 2192 0 0 0 0 0 0 1299 0 0 0 0 1459 0 0 0 0 0 1451 0 0 0 0 2188 0 0 2367 0 2693 0 2512 2488 2337 2304 2618 0 1743 0 0 0 0 0 0 0 0 0 864 0 2473 0 0 0 2152 0 0 2105 0 0 1466 2649 0 1105 0 0 0 2555 0 2040 0 0 0 0 0 0 813 540 964 0 0 2546 0 0 0 0 0 2234 1335 0 0 0 2561 0 2344 0 1534 0 0 0 0 2214 0 0 0 2653 0 0 0 0 0 2116 0 
0 0 0 0 0 0 2099 0 2794 1682 0 0 0 0 0 0 0 0 0 0 0 0 0 0 0 0 2121 0 0 0 0 0 0 2362 1465 0 0 0 0 934 0 714 0 0 0 0 3042 2994 0 0 0 0 0 0 1058 0 0 0 0 0 2851 0 0 1016 2315 0 0 0 1820 0 0 0 1662 0 1557 1950 0 0 0 0 0 0 1835 0 0 0 0 0 0 2354 0 0 0 2034 0 0 2691 0 0 0 0 0 0 0 2209 1643 0 0 0 0 0 0 0 0 0 0 0 0 0 2647 0 0 0 0 0 0 0 0 0 0 0 0 2716 979 0 0 0 0 0 0 0 3021 0 0 0 1660 3001 2931 1252 0 0 2928 0 0 0 0 0 0 0 0 0 920 0 1092 1020 0 0 0 0 1067 0 0 2531 0 0 0 0 0 0 0 0 1738 0 2216 0 1881 0 1906 0 1932 0 0 0 0 2953 0 2397 2186 
0 0 731 0 0 0 0 899 0 0 0 0 0 508 0 468 0 0 622 0 0 0 0 0 0 0 963 0 0 0 0 954 0 471 491 0 0 839 300 0 0 0 832 0 0 0 0 0 858 0 737 0 0 340 532 957 0 0 0 0 0 0 327 745 0 0 887 0 0 0 0 0 804 501 0 0 950 0 0 0 0 0 0 0 0 0 799 0 0 548 0 0 655 0 0 0 0 0 0 457 449 0 0 0 0 0 346 827 0 797 0 0 0 0 0 671 0 0 0 0 0 569 0 0 0 0 0 0 768 0 0 0 315 0 0 0 0 0 0 0 0 0 654 0 0 0 0 403 0 0 0 931 0 0 0 0 711 489 0 0 0 0 0 0 0 0 0 378 343 0 0 0 486 0 0 0 0 683 0 728 0 0 0 636 0 0 613 722 0 0 860 0 0 0 0 0 0 
0 0 0 0 0 0 2273 0 0 2329 0 2367 0 0 1183 0 2126 0 0 0 0 0 0 0 0 0 0 0 0 0 0 1922 0 1241 0 1965 0 760 0 0 0 0 2196 973 0 0 0 0 2319 0 0 0 0 0 2420 0 0 0 0 0 2377 0 0 0 0 0 0 0 1289 1264 0 0 0 0 0 0 0 0 0 1811 0 2085 0 0 0 0 0 0 0 0 0 0 0 0 2190 0 0 0 0 0 0 1943 0 0 0 0 2092 0 0 532 0 0 0 0 1696 0 0 0 0 0 0 0 507 1764 0 0 0 1943 0 1864 0 797 0 0 0 0 0 0 0 2458 0 0 0 0 2442 0 0 0 2291 2382 0 0 1880 0 0 0 0 2044 2097 749 0 889 830 0 0 0 0 0 0 0 0 0 0 2169 0 2361 1726 0 0 1414 0 0 0 0 0 0 0 0 2445 0 0 0 2403 978 0 1779 
1933 0 0 0 0 0 1431 0 2436 2258 0 0 0 0 0 0 0 0 0 0 0 0 1593 1805 2547 0 0 0 0 0 0 1247 0 0 0 0 0 2322 0 0 0 0 0 0 0 0 0 0 0 2270 0 0 1407 0 0 0 0 0 0 2486 865 0 0 0 0 1549 0 0 0 1415 0 0 0 0 0 0 0 0 0 0 0 0 0 0 2114 0 0 0 0 2146 1732 1253 0 0 0 0 0 1210 0 0 0 0 0 0 0 0 0 0 557 0 2282 0 0 0 0 0 0 0 0 0 0 0 0 0 0 0 0 0 0 0 0 0 0 0 2266 0 0 1206 0 0 0 0 0 0 0 0 1287 0 0 0 0 0 0 0 1879 1293 0 0 0 0 929 0 0 2454 0 0 0 0 0 2154 1287 0 0 2587 0 0 0 0 0 0 0 0 0 0 0 0 0 2558 0 1915 0 0 0 0 0 
0 1424 0 0 0 0 0 2276 0 2314 0 1026 0 1474 0 0 0 0 0 0 0 0 0 0 0 2112 0 1080 0 0 0 0 0 0 0 0 0 0 0 2057 0 0 0 2381 0 0 2266 0 2121 0 0 0 0 0 0 0 0 0 2323 0 0 0 0 2191 0 1995 0 0 0 0 0 0 0 0 0 0 0 0 1459 0 0 0 0 0 0 0 0 0 0 0 0 0 2140 0 0 0 0 0 1293 0 1757 1307 1322 0 0 2064 0 520 0 0 0 2425 0 2262 0 0 0 0 1407 0 495 1724 0 2255 0 0 0 0 2160 778 0 0 0 0 0 1938 1126 2402 0 0 0 1320 2386 0 0 0 2239 0 0 682 0 0 0 0 0 0 0 732 486 868 811 0 2293 0 934 848 1529 2055 2013 0 0 0 2417 0 0 0 0 0 1481 0 0 0 0 1516 0 0 0 0 1789 0 0 0 1906 0 
0 0 0 2430 1463 0 0 0 0 1373 1123 0 0 0 0 0 0 0 979 0 1627 1845 0 0 2310 1649 0 0 0 1274 0 0 0 0 812 0 0 0 0 0 0 0 2604 0 0 0 0 0 1482 920 0 2587 0 0 0 0 0 2540 0 0 1080 0 0 0 0 0 0 0 0 0 0 0 0 0 0 0 0 0 0 2514 0 0 0 0 2047 0 1726 0 0 0 0 0 2284 0 0 1236 0 0 0 1921 0 1445 0 0 0 0 0 0 0 0 0 0 2474 0 0 0 0 0 0 0 0 2035 0 898 0 0 0 0 851 0 2436 0 0 0 2120 0 0 0 0 0 0 0 0 0 0 0 2546 0 0 2010 0 1934 1920 0 0 0 0 531 950 887 0 0 1669 0 0 0 0 0 0 0 0 0 0 0 0 0 1511 1620 0 0 0 0 0 0 0 0 0 0 0 0 0 0 0 
0 0 1752 1054 0 0 0 0 0 0 0 1162 0 1212 0 0 0 0 0 0 0 1876 0 1666 0 0 0 0 0 0 0 0 0 0 1711 448 0 0 0 750 0 1877 0 0 0 0 0 0 0 0 0 801 0 0 0 0 0 0 0 0 1476 0 0 0 0 0 1042 0 0 1223 0 1850 1157 1755 385 0 0 0 0 0 1278 1557 0 0 1068 0 1581 1276 0 1554 0 0 0 1036 891 875 0 0 1385 0 1042 0 0 0 1554 410 0 0 1850 1912 0 1784 0 0 0 0 0 0 0 1359 0 0 0 0 0 0 0 614 0 0 0 1669 0 1528 888 0 0 0 0 0 0 1837 0 0 0 0 1815 0 0 0 0 0 0 0 0 0 0 685 0 0 1808 0 0 669 0 1621 0 948 0 0 0 0 1330 0 0 0 0 0 1239 0 1573 0 0 0 0 1675 1411 0 0 0 0 0 
1897 0 1236 1859 0 0 0 1160 949 1069 1363 1921 1421 0 0 0 0 2203 0 0 0 0 0 0 0 0 0 0 1121 2154 1775 0 0 0 0 0 0 0 0 2237 2201 0 0 0 1683 0 0 0 0 0 939 0 1262 0 0 0 0 1702 0 0 0 1338 1845 0 0 0 1837 0 0 0 2169 0 2057 451 0 0 0 0 0 1498 0 886 0 1252 1459 0 1496 0 0 1979 0 0 0 1045 0 0 0 0 0 1222 0 1890 0 0 0 0 0 0 0 0 0 0 0 0 0 0 0 0 0 0 0 759 0 1206 1684 1997 0 0 0 0 0 0 1792 0 0 1753 0 0 1221 2206 2155 0 0 0 0 0 0 0 0 1635 0 0 1847 1895 0 0 0 0 0 0 1411 0 784 0 0 0 0 1038 0 2234 0 0 0 0 0 0 0 0 1383 1844 1401 0 1420 2209 0 0 983 0 0 0 0 
2525 0 0 0 0 0 1426 0 0 0 0 0 1813 0 0 0 0 1691 0 0 0 0 1714 0 0 0 0 0 0 0 2357 0 0 0 0 2337 0 1080 0 0 0 0 2575 0 2410 0 0 1494 0 0 0 0 2576 0 0 918 0 1123 0 0 0 0 0 0 1502 0 1407 0 0 0 0 2529 0 0 1658 0 0 0 1842 0 0 0 1539 1793 0 0 1330 0 2432 0 2468 0 1284 1262 0 2158 0 1485 0 971 2323 0 0 0 0 0 0 0 0 0 0 0 2358 0 1599 0 0 1959 0 0 933 2158 0 2070 0 0 0 2531 0 0 0 0 0 2730 0 0 2684 0 0 0 1131 0 2544 2645 0 775 0 0 2010 0 0 2270 0 0 0 987 0 0 0 0 0 0 0 0 0 0 0 0 2746 2621 0 2400 0 0 1683 0 0 0 2267 0 0 1745 0 0 0 0 0 0 2166 1975 
1646 0 0 0 0 0 0 0 1814 0 0 0 2685 2391 1101 0 1831 0 0 2688 0 1856 0 0 2311 0 0 0 0 2552 0 0 0 2705 0 0 0 0 2929 0 2608 0 0 2609 0 0 1618 0 0 2316 0 0 0 0 0 2265 0 2303 0 0 0 1550 0 1626 0 1523 0 2400 2887 0 0 0 0 0 0 2828 0 1994 0 0 0 0 1942 2467 0 0 2425 0 0 0 0 1391 1366 1591 0 0 0 1626 1052 0 0 0 0 0 0 0 0 0 0 0 0 2554 0 0 0 0 0 0 0 1011 0 0 0 2657 0 0 0 0 0 0 0 1386 0 0 0 0 0 0 0 0 1479 2755 2864 0 0 0 2851 0 0 1487 0 0 0 0 0 0 0 0 0 1150 0 0 2529 0 0 0 0 0 0 0 2598 0 0 0 0 0 0 0 0 0 0 0 0 0 1309 0 0 2345 0 
0 1686 0 0 930 760 0 0 0 0 0 0 1439 0 0 0 1249 1762 0 0 1117 0 1746 1391 0 0 1725 1422 0 550 0 0 0 0 0 0 0 0 945 0 1679 1348 1571 1003 0 0 0 0 0 0 1679 0 1721 0 1364 732 0 1623 0 0 0 0 0 0 0 0 0 1738 0 0 361 0 0 0 0 1643 0 0 0 0 1003 0 0 0 867 0 1585 0 0 0 0 0 0 0 0 0 0 0 1514 1529 1460 0 0 0 0 0 0 1676 0 1559 0 0 0 1163 0 0 0 1671 0 0 0 0 0 0 986 0 949 0 0 1436 0 1779 1405 1198 0 0 0 1726 0 0 1658 0 0 0 0 0 1310 1301 895 1480 0 0 0 0 0 1561 1699 1130 692 0 1133 0 1491 0 0 0 1790 0 0 0 1332 0 0 0 0 1108 0 0 0 0 0 1574 0 788 0 0 0 0 
2535 0 0 0 0 0 0 0 0 1777 0 2164 0 0 1657 0 0 0 0 0 0 0 2092 0 0 0 2138 0 827 0 0 0 0 2390 0 0 0 0 0 2524 0 0 0 0 0 0 0 2096 0 0 0 0 0 0 0 0 2440 0 2222 1403 1376 0 0 0 0 0 0 1634 0 543 1971 0 0 0 2470 0 0 0 2085 0 0 2233 0 0 0 0 2326 0 0 0 0 1440 0 0 1455 0 0 2277 0 2195 0 1848 0 0 0 0 0 0 0 0 2626 0 1749 0 0 0 0 0 0 0 0 0 0 0 0 0 2357 0 0 0 0 0 1801 0 0 0 0 1108 0 0 0 0 0 0 0 0 0 1346 0 0 815 0 967 0 2347 0 0 1041 0 1703 2289 0 1339 0 0 2691 0 0 0 2003 0 0 1962 1749 0 2221 0 0 0 0 0 0 0 0 1064 0 0 
2660 2917 0 0 0 0 0 0 0 0 0 0 0 0 2126 0 0 0 1901 0 0 0 0 1529 0 2420 2615 0 0 0 0 0 0 0 0 3001 0 0 0 0 2673 0 0 0 2982 0 0 0 0 1262 0 1019 2321 0 0 0 0 0 0 1558 0 0 0 0 0 0 0 0 0 0 1840 2569 0 2796 0 0 0 0 0 0 0 2039 0 0 2698 0 0 0 0 0 0 2394 0 1647 0 0 2577 0 0 0 0 0 0 0 0 2852 0 0 0 2973 0 1980 0 0 0 0 0 2394 0 0 0 0 1678 0 1615 2668 0 0 0 0 2391 0 0 1665 0 2938 0 0 0 2935 0 860 0 0 0 2214 0 2519 0 0 0 0 0 2657 0 0 0 0 1928 2591 0 0 0 0 0 0 0 2662 2267 1742 0 2221 0 0 2515 1911 0 1936 3012 2679 0 0 0 0 2403 0 
0 1467 0 1351 1723 0 1796 1865 0 0 0 0 0 0 0 0 2468 0 0 0 2195 0 0 0 0 0 0 0 0 0 0 0 1111 0 0 0 0 0 0 0 0 0 1537 0 0 0 0 0 0 0 0 0 1155 2187 0 0 0 0 1444 1545 0 0 1812 0 0 0 0 0 0 0 2382 0 0 1894 0 0 0 0 1844 0 0 0 2303 0 2440 2537 0 1321 0 0 0 0 0 0 0 0 2412 0 0 0 0 0 0 1937 0 0 0 2425 2755 1644 0 0 2014 0 0 0 0 0 0 2524 0 1556 2603 0 2473 0 0 0 0 2216 0 0 0 0 0 0 1405 0 0 2689 797 0 0 0 0 0 2335 2395 0 0 0 948 2462 0 0 1092 991 1787 0 0 0 1311 2477 0 0 0 0 0 0 0 0 0 1748 0 0 0 1795 0 0 0 0 0 0 0 0 
0 0 0 1889 0 0 0 0 0 1147 0 1907 0 3049 0 0 0 0 3020 0 0 1554 0 0 0 0 0 0 2817 0 0 0 0 0 0 0 2904 2333 0 1736 0 0 0 0 2411 0 0 0 2976 0 0 0 0 0 0 0 1614 0 0 2545 0 0 2499 0 0 0 0 0 1870 0 2945 0 0 0 0 0 1735 0 0 2073 0 2526 2742 2676 0 1684 0 1423 0 0 2251 1674 1694 0 0 0 2525 0 0 2732 3006 3108 0 0 0 2697 0 0 0 0 0 0 0 2890 0 0 1671 0 2767 0 0 0 0 0 2849 0 0 3078 0 0 0 0 0 0 0 0 0 0 0 0 2355 0 0 0 0 0 0 0 0 0 1040 0 2938 1955 0 1087 1960 0 0 0 0 2716 3097 0 0 0 0 1771 0 0 0 0 2556 0 0 0 0 0 0 0 3009 0 2443 2227 
0 804 0 1445 0 0 0 0 0 0 0 0 1654 0 0 1048 0 0 0 0 0 0 1335 0 0 1508 0 0 0 0 0 1682 0 0 0 1575 0 0 0 584 0 0 706 0 0 0 696 0 562 0 0 1301 0 0 0 0 0 0 0 0 0 1356 1631 0 0 339 0 0 1417 0 0 1127 1373 666 0 0 0 0 0 0 0 0 0 1510 0 0 0 0 0 0 0 0 0 0 0 0 0 0 1482 1631 1686 0 0 0 0 0 0 0 0 344 1198 0 1568 0 0 0 1266 0 0 925 1549 890 1472 0 0 0 1670 1318 0 0 918 0 0 0 836 0 1618 0 0 0 0 1230 1221 840 0 0 0 0 0 564 1465 0 0 650 0 0 1429 1399 0 0 0 1680 1604 0 0 1250 0 0 0 0 0 0 0 0 1068 0 0 0 0 0 0 0 1208 
657 0 1181 0 0 1241 0 0 1355 0 0 0 0 1201 857 0 0 0 0 0 1324 0 1179 0 0 0 0 0 0 0 0 0 0 0 0 1035 0 770 0 0 0 0 0 776 0 0 0 0 0 0 0 1246 0 0 716 0 0 1129 0 0 1109 0 0 1265 0 0 0 0 1307 1261 0 0 545 0 0 897 0 920 0 1121 0 0 0 0 0 0 0 0 0 0 0 0 0 1173 1120 295 0 0 0 1379 0 0 0 1197 1180 0 0 0 0 0 0 0 0 0 0 1036 0 442 0 0 0 1203 1264 0 0 0 0 919 1343 751 0 1325 0 683 0 1324 0 388 1045 0 0 998 0 1136 0 0 276 494 0 1198 0 0 0 0 0 0 0 0 0 1205 0 0 0 0 0 0 0 0 0 0 0 0 0 0 0 0 0 0 0 0 1084 0 
0 0 0 1022 0 1245 0 0 0 0 1524 0 0 0 691 0 0 746 777 0 0 1328 0 1389 0 1408 1317 1374 0 0 0 0 0 0 0 0 0 538 0 1515 0 0 874 1452 641 0 0 0 0 0 0 927 1278 0 0 0 1272 0 0 0 0 0 1425 0 0 0 0 0 0 0 1265 0 0 0 1011 0 0 0 0 0 0 0 0 0 0 0 0 1125 0 846 0 0 1322 1262 0 0 0 0 1553 0 0 1435 1348 0 0 0 0 0 0 0 0 0 0 835 0 0 0 0 0 0 1356 0 0 721 0 1214 0 1513 0 1528 0 0 0 1434 0 1474 0 1177 0 0 0 0 0 0 0 0 0 0 1350 0 0 0 0 0 0 0 0 0 0 0 0 0 0 1152 885 949 0 1006 0 1277 971 0 0 0 1361 1146 0 0 0 0 0 
0 0 0 0 1587 0 0 0 0 1943 0 0 0 0 0 0 951 990 0 0 0 0 0 0 1795 1679 0 776 0 0 0 0 1850 0 0 1106 0 0 0 0 1536 1115 0 0 0 660 0 0 0 1789 1181 0 0 0 0 0 0 1266 0 0 1198 0 0 1445 0 0 1877 0 1323 0 0 0 0 0 0 1321 0 0 0 0 0 0 0 0 0 0 0 0 0 698 0 1685 0 0 1355 0 0 1980 0 1847 0 1718 0 0 0 0 0 0 0 0 0 0 0 0 0 0 0 0 0 0 0 0 0 0 1548 0 1928 1078 0 0 813 0 0 0 0 557 0 1892 0 1434 0 1631 1673 0 397 0 0 0 0 0 0 0 0 0 1643 0 0 1731 0 0 0 0 0 0 1209 0 1282 1221 0 0 0 0 0 1735 1461 868 0 0 1556 0 
0 1837 2511 2236 0 0 0 0 0 0 0 1736 1243 0 0 0 0 0 2210 0 0 0 0 0 0 0 0 0 2740 1469 0 0 0 0 1559 0 1513 0 0 0 0 0 0 0 0 0 0 2154 0 0 0 1450 1422 0 0 0 0 0 0 0 2561 0 0 0 2346 0 0 0 2273 0 0 0 0 0 0 0 0 0 2403 2499 1512 1301 0 0 0 0 1504 0 0 2353 0 0 0 0 0 2700 0 0 0 0 0 2388 0 0 0 570 1984 0 2596 0 0 0 0 0 896 0 2564 0 0 0 0 0 0 0 1861 0 0 0 0 0 0 0 0 0 0 0 2667 0 0 0 2299 0 842 0 0 0 2425 0 1756 0 0 0 0 2316 1384 1292 0 0 2655 0 0 0 0 0 0 1808 0 2296 0 0 0 0 0 0 1224 0 0 0 0 
0 1858 0 762 0 0 0 0 1860 0 0 919 0 1599 0 0 0 0 0 0 0 484 0 0 1827 0 0 0 0 0 0 0 0 0 716 0 0 0 0 0 0 0 1978 688 0 0 0 1865 1232 0 0 0 0 1691 0 0 1660 0 0 0 0 0 0 0 0 0 0 0 816 0 0 0 0 1377 996 0 0 1778 0 1119 0 0 0 1617 0 0 0 728 0 0 0 0 0 0 1997 0 0 0 0 0 0 0 0 0 0 1467 0 0 699 0 0 1551 0 0 1133 1896 0 0 0 0 0 0 0 0 2011 0 0 1984 0 0 0 1982 0 581 0 0 1506 0 0 0 0 0 0 0 0 0 0 1299 0 722 0 0 0 0 955 0 0 1964 0 0 0 1176 1261 0 0 0 0 1290 0 0 2034 1809 0 0 0 813 0 0 
0 0 791 2106 1315 0 0 0 0 1333 954 0 0 0 0 0 0 0 0 0 502 0 0 0 840 0 0 0 1874 0 1609 1874 0 0 1162 0 0 0 1207 2004 0 0 0 0 873 1654 0 0 0 0 0 0 0 1094 0 0 0 0 0 431 0 0 1801 0 0 0 0 847 0 0 1395 1772 0 1034 0 0 0 0 0 0 0 1143 0 1553 0 1168 755 0 0 0 0 0 0 2073 0 0 0 1981 1860 0 0 0 0 0 0 0 0 0 0 0 0 0 0 1177 0 0 0 0 0 0 0 0 1429 0 0 0 0 0 0 1979 0 0 603 1624 0 0 0 0 0 0 0 0 0 0 0 0 1349 0 0 1352 0 0 0 0 0 0 2039 0 0 0 0 0 0 0 0 0 0 0 0 0 0 0 0 0 0 0 0 
0 1082 0 0 0 2876 0 0 0 1305 2849 0 0 0 0 0 0 0 0 0 2657 0 2594 0 0 0 0 2562 0 0 0 0 0 0 0 0 0 0 2740 1209 2808 977 2225 0 2262 0 0 0 0 0 0 0 0 0 0 2836 0 0 0 0 0 0 0 0 1959 2387 1158 0 0 1907 0 0 0 2382 0 0 0 0 1366 1342 0 0 0 0 0 0 0 0 0 0 2006 2577 0 0 2003 2734 0 2544 0 0 1701 0 0 0 2249 0 0 0 0 2201 0 0 0 0 0 0 2687 2343 0 0 0 1955 0 0 0 0 1203 0 0 0 0 0 0 2801 0 0 1460 0 0 885 0 0 0 2547 2772 0 0 0 1849 0 0 0 1356 2562 0 2788 2038 2552 0 1670 1791 0 0 0 0 0 2157 0 2888 0 2162 0 2838 0 0 0 
963 0 0 0 2561 0 0 0 1162 2537 0 0 0 0 0 0 0 0 0 0 2213 0 0 0 0 0 0 2439 1959 0 1458 0 1415 2546 0 0 0 0 0 0 870 0 0 0 0 0 0 0 0 0 0 0 1669 0 0 1579 2395 525 0 1571 0 0 0 1744 0 0 0 0 0 0 0 1260 0 2303 0 0 1414 0 1195 0 0 0 0 0 0 0 2221 0 0 0 0 0 0 0 0 0 0 2234 0 0 0 0 1855 2003 0 0 0 0 0 0 0 0 0 0 0 0 2086 1212 2586 0 1741 2542 1421 0 0 0 1294 0 0 2477 0 0 2494 0 0 1300 0 2206 0 0 0 0 0 0 0 0 0 0 0 0 1294 0 2281 0 0 0 0 1936 0 0 0 0 0 2147 0 0 0 0 0 0 0 0 0 2052 1871 
0 0 836 0 0 0 0 0 0 0 0 601 0 952 0 0 0 281 0 1019 1064 0 0 0 633 1051 0 0 1051 671 417 0 1173 503 0 0 0 0 0 0 0 0 0 0 0 0 624 0 0 0 0 0 0 0 0 0 0 0 0 1010 0 0 0 979 0 0 0 0 0 0 580 0 0 0 0 651 0 0 0 0 0 0 0 0 0 0 0 0 0 0 0 0 822 0 1111 0 0 0 0 778 245 0 0 0 0 0 0 0 1071 0 0 0 635 1049 0 0 0 0 0 0 0 0 0 0 0 0 0 1154 1141 0 911 0 0 0 599 0 0 0 0 0 0 0 1137 0 0 0 0 1019 998 596 0 1051 0 0 0 0 0 0 0 0 0 0 0 0 885 761 1185 0 0 0 1164 473 0 0 
1964 0 0 0 0 0 0 0 0 0 0 3073 2533 0 980 0 0 0 2714 0 0 0 0 0 0 2990 0 2798 0 0 1735 3121 0 0 1802 2991 0 0 0 0 0 0 0 0 0 0 0 0 0 1633 2046 0 0 0 0 644 2336 0 2689 0 0 2138 0 1265 0 0 0 0 0 0 2601 0 0 0 0 1491 0 0 0 0 0 0 0 0 0 0 686 0 0 0 3200 0 0 0 0 0 0 0 2072 0 0 0 2976 0 0 0 0 2850 1027 1757 0 1690 0 0 0 0 3170 0 0 0 1742 0 3075 1313 0 0 0 0 900 2425 0 2334 2317 0 0 0 966 641 0 0 0 3026 0 0 1120 0 2712 0 0 0 2797 0 0 0 0 2373 1823 0 2325 0 0 0 0 0 2027 3153 0 2360 1404 0 0 0 0 
0 0 1800 0 1243 0 0 0 960 1000 1920 0 0 0 0 0 0 0 0 0 0 0 0 0 0 0 0 1117 0 0 1949 837 0 0 0 0 0 0 0 814 0 0 0 1644 1038 0 0 0 0 0 0 1934 0 0 0 0 0 0 0 0 0 0 0 0 0 1301 0 0 0 1624 0 0 1790 1083 0 0 0 0 0 0 0 704 0 0 0 429 0 0 1933 0 1366 0 0 0 0 0 0 1294 408 0 1534 1859 677 0 0 0 0 0 0 0 0 0 0 0 0 0 0 0 1947 0 1967 0 0 991 0 0 1897 0 0 1910 0 0 0 0 1689 0 0 716 669 0 1890 0 0 0 1261 0 0 991 0 1747 0 0 0 0 0 0 0 1452 0 0 0 0 1471 0 0 1751 0 0 0 0 0 1433 
0 2040 0 0 1009 2202 1754 0 0 0 0 0 0 0 0 0 0 0 888 0 0 0 0 0 1701 0 0 0 0 2209 0 0 0 0 0 0 755 0 0 0 0 1352 0 0 0 0 0 1156 1448 1822 0 1371 0 456 1654 0 1904 0 0 1514 0 0 0 1265 0 1873 0 0 0 0 0 0 0 0 0 1208 0 0 0 0 798 0 1928 0 0 1550 1992 0 0 1548 0 2093 0 1939 2203 0 0 462 0 1739 0 0 0 0 0 0 0 0 0 0 0 2077 0 0 0 0 1511 0 0 0 0 930 0 0 0 0 0 0 0 0 0 0 0 1915 0 0 0 0 0 0 1425 0 792 0 0 1880 0 0 0 0 0 1576 1972 0 0 0 0 0 0 0 0 0 0 0 0 0 0 2193 0 0 0 
0 0 1987 0 0 0 0 1598 0 0 0 979 0 0 0 0 0 0 0 0 1682 2793 0 2399 0 0 0 0 3117 0 2480 0 0 0 3061 0 2426 0 0 0 0 0 0 0 0 0 0 2043 0 3092 0 2932 0 0 1923 2686 0 0 0 0 0 0 1784 0 2642 2132 0 0 0 0 0 0 1490 1463 0 2503 0 0 0 0 0 0 0 685 0 0 0 0 0 0 0 0 0 3107 0 2069 653 0 2453 2972 0 2502 0 0 0 1026 1754 0 0 2789 0 0 1484 0 0 0 3112 0 0 0 1312 0 0 0 3033 899 0 0 0 2314 1592 0 0 0 0 0 0 0 0 2011 0 1118 0 0 0 0 0 0 0 0 0 0 0 0 0 0 0 1971 0 0 0 0 3149 0 0 1402 3094 0 0 2291 
0 0 0 2851 0 1409 1467 0 0 0 899 2624 687 0 0 0 1150 0 0 0 0 0 0 0 0 1017 1591 0 0 2277 0 0 0 0 978 0 0 2264 2650 0 0 0 0 0 0 1497 0 0 2838 0 2692 0 0 0 0 0 0 0 0 0 0 0 0 0 0 0 0 0 0 2627 0 0 0 0 0 2125 1581 0 0 0 0 0 0 0 0 2838 0 0 2737 0 0 0 0 0 0 0 0 0 0 994 0 1577 0 0 942 0 0 0 2561 0 0 0 0 0 0 0 0 0 2819 1204 0 0 0 0 0 0 0 0 0 1462 0 0 0 0 1051 0 0 2774 0 0 1026 0 0 2435 0 0 0 0 0 2040 0 0 0 1792 0 0 0 2413 0 0 1858 2891 0 2164 0 0 0 0 2103 
0 0 2757 2197 0 0 0 0 0 0 0 0 0 0 0 0 0 2786 1494 0 0 0 0 1585 0 1538 2767 0 2202 0 2652 1171 0 945 0 0 2189 2563 0 0 0 0 0 0 0 0 2282 0 0 2603 0 0 0 0 0 0 0 0 0 0 0 0 2346 0 1369 0 0 0 0 0 0 0 1513 0 0 0 0 0 0 0 0 608 0 0 0 2837 0 2647 0 0 0 0 1646 1837 0 0 0 0 0 0 0 0 0 0 0 0 0 2476 0 0 1318 0 0 0 0 1545 2792 0 1164 0 2620 0 0 0 0 2711 2069 2054 0 0 0 0 0 0 949 0 0 0 0 0 0 0 0 0 1313 2480 0 0 1973 2470 2104 0 0 2061 0 0 2334 0 0 0 0 0 2093 0 0 0 0 0 
0 0 0 973 0 0 0 0 0 0 0 1836 0 0 0 2021 1989 0 1770 0 0 1771 1131 0 0 0 0 1572 0 0 836 0 0 0 825 0 0 0 0 1052 1032 1104 0 0 0 0 0 0 0 407 0 0 0 0 0 0 1649 800 1563 1131 0 0 0 0 0 0 1744 0 1098 944 0 0 0 0 0 0 714 1707 0 0 0 0 0 0 2026 0 0 1872 0 0 0 1175 0 413 0 0 0 0 0 0 0 0 0 1112 0 1070 0 0 0 941 0 0 1351 1973 1103 0 0 0 0 0 0 0 0 0 0 0 1466 0 1669 0 611 0 725 678 0 0 0 0 709 0 0 0 0 0 1770 0 1927 1409 0 1502 1154 0 0 0 0 0 0 0 1283 0 1775 0 0 0 0 1592 1452 
0 1123 0 725 0 0 1240 0 0 0 0 0 0 0 0 0 0 0 0 0 0 810 0 0 0 607 0 816 0 0 0 0 0 0 0 0 0 0 0 0 0 0 0 0 0 1403 0 0 0 1058 0 0 0 0 0 1181 0 0 0 0 1199 0 0 0 1280 0 0 786 0 0 0 0 0 0 0 0 1222 0 0 0 992 0 0 0 991 1353 1340 0 0 0 0 0 0 0 1113 0 0 0 0 0 0 0 0 1332 0 0 1329 0 0 1437 0 967 1412 789 0 0 0 719 0 1392 0 0 0 0 0 0 0 0 0 0 0 0 485 0 0 0 0 0 0 0 1204 719 0 1268 0 1380 0 0 0 0 0 1054 939 0 1193 0 0 918 1429 0 0 0 0 571 0 0 
0 0 0 0 2506 2707 0 0 0 0 0 0 0 0 0 0 0 2958 0 0 0 0 1716 3087 0 2457 0 0 1306 0 1055 0 0 0 2860 0 0 1644 0 1725 0 0 0 2546 0 1915 0 0 0 0 2660 0 0 0 0 0 2443 0 0 0 0 0 0 0 2726 0 0 0 0 0 0 2293 0 0 0 2668 0 0 0 0 2784 3062 3166 0 0 0 0 0 3078 0 0 0 2250 2429 0 0 0 0 0 0 0 0 0 0 0 0 0 0 0 0 0 0 1724 0 0 0 0 0 0 0 0 0 0 0 0 0 2608 0 955 0 0 0 0 0 0 0 1108 1996 0 0 0 0 0 0 3011 2202 0 0 0 0 2300 0 0 2604 0 0 0 3119 0 0 1388 0 1247 0 0 
1212 0 0 0 2157 0 0 0 0 0 2232 0 0 0 1328 2205 0 1894 0 0 0 0 0 0 0 0 0 0 2416 0 0 0 0 0 0 0 1310 0 0 0 0 1613 0 0 0 2315 0 0 0 0 0 0 0 0 0 1947 0 1642 0 0 1217 2050 0 0 2259 1367 1176 1155 0 0 0 0 0 889 0 0 0 0 0 0 0 0 0 0 0 0 0 2453 1464 0 515 0 1936 0 0 0 1356 0 2247 0 0 0 0 0 2313 0 1172 0 0 0 0 0 0 0 0 0 2329 2421 0 710 0 0 0 0 1257 0 0 761 0 903 0 0 0 0 0 0 0 0 0 0 0 2205 0 2400 1754 2196 0 0 1541 0 0 0 0 1577 0 0 2486 0 0 1106 0 0 0 0 
0 0 0 1338 479 0 0 1419 0 0 0 0 1536 0 0 1462 0 1368 0 0 848 0 0 1214 0 0 0 1499 521 0 0 0 0 0 0 0 0 0 0 0 0 0 1514 947 0 0 0 941 0 0 0 0 0 618 0 0 0 1294 0 0 0 0 0 1401 0 0 716 834 0 0 0 0 551 1319 0 0 335 0 0 0 0 0 0 0 0 1339 0 908 1013 0 0 0 0 0 1225 0 0 1393 0 0 0 0 0 0 0 727 0 0 0 0 0 0 0 0 776 1445 0 0 440 1186 0 1141 0 0 0 0 0 0 0 0 0 0 0 0 0 987 0 0 0 724 0 0 1488 0 0 0 0 0 0 0 0 0 0 1152 0 1542 1371 0 0 1515 0 0 0 
0 0 0 0 0 0 0 0 0 0 0 0 857 0 0 0 0 910 0 0 0 0 1264 917 1523 0 1560 0 0 664 0 1472 0 0 846 830 0 0 0 1041 1310 0 0 1495 0 1189 0 1369 0 0 0 1326 0 0 0 1060 0 0 0 0 0 0 0 0 0 0 869 1276 1180 0 888 0 0 0 0 349 1115 0 0 1629 0 0 0 0 0 0 0 1055 0 0 0 0 0 0 876 0 0 523 0 0 0 0 0 0 0 1614 0 1086 0 887 1603 1565 0 0 1504 1564 1546 0 0 0 0 0 0 1342 0 0 0 0 0 0 0 0 628 0 0 0 0 0 0 0 0 0 0 1418 0 0 0 1183 0 0 0 0 1199 0 0 0 0 0 1577 642 0 0 
0 2675 0 2798 0 2836 0 0 0 0 0 1647 2734 0 2348 0 0 0 0 0 0 0 0 0 1291 0 0 0 0 2414 0 1867 0 0 0 0 2562 0 0 2516 0 1893 0 0 0 0 2629 0 0 0 0 0 0 0 0 2586 0 0 0 2761 0 0 1695 1458 0 0 0 0 0 0 0 2637 0 0 0 0 2751 0 0 0 0 0 0 2677 0 0 2026 0 0 2401 0 0 2449 1682 0 2786 0 0 0 0 0 0 0 1453 3099 0 0 0 0 0 3006 0 1551 0 3003 0 880 0 0 0 0 1559 0 0 0 0 1120 1047 0 0 1968 1205 0 0 0 0 1551 0 0 3117 0 2176 0 0 0 0 0 0 1930 0 1955 0 0 0 0 2308 0 3029 1233 0 0 
2205 0 0 0 2338 0 0 0 0 0 0 0 0 0 2255 0 0 0 0 0 0 0 2411 0 2470 0 0 1051 0 0 0 0 1339 0 0 2112 1316 0 0 0 1560 0 0 0 0 0 0 2358 0 2100 0 1990 1440 0 0 1720 0 0 0 0 0 1397 0 0 1375 0 0 0 0 909 0 0 0 0 0 2267 0 0 0 0 2383 2238 0 0 1496 0 0 0 0 2398 0 0 0 0 0 0 0 0 0 2251 0 0 0 2555 0 1720 0 1404 0 2478 0 0 2381 2475 0 725 1954 2464 0 1867 1285 0 2179 778 0 0 0 0 0 0 0 0 1626 0 2140 0 0 0 0 2453 1793 0 0 1469 1575 0 0 0 0 0 1898 0 0 0 1902 0 0 0 0 0 
0 0 0 0 0 0 1092 0 0 1466 0 0 2091 0 1556 966 1510 2717 0 0 0 0 0 0 0 0 0 0 0 0 0 0 0 0 0 1422 0 2240 2695 0 0 560 2033 0 2341 0 0 1862 0 0 0 0 0 0 0 0 0 2458 0 0 0 0 0 1486 2182 2018 0 0 0 0 2371 2264 597 0 0 0 0 0 2599 0 0 0 0 0 0 0 0 2138 0 0 0 0 2092 0 894 0 0 0 0 0 0 1294 2760 0 0 0 0 2741 0 1143 0 2572 0 2644 0 0 2662 2032 0 0 0 0 841 0 0 0 0 2634 1753 0 975 0 0 0 1381 0 2435 0 0 0 0 2066 0 1702 0 0 0 0 0 0 0 0 0 0 0 0 0 2190 0 
0 0 0 0 883 0 996 0 0 872 933 0 0 0 0 0 0 0 0 0 0 0 0 332 0 0 0 0 0 0 518 0 0 0 0 638 0 965 0 916 0 0 0 0 946 0 667 0 394 0 0 649 0 666 0 0 0 0 0 0 0 0 0 781 723 538 0 0 0 849 0 0 683 0 0 0 0 931 0 0 0 0 579 0 0 709 0 0 0 0 0 0 0 0 0 0 0 0 0 0 463 989 780 665 0 543 0 0 409 0 921 958 0 280 756 954 0 722 0 0 0 301 0 0 0 0 0 0 0 349 629 0 0 0 0 0 994 0 0 0 0 568 0 0 646 0 821 0 0 0 983 0 0 0 966 0 0 0 
0 0 0 2578 0 0 0 0 0 2723 0 0 1628 1010 0 0 0 2261 0 0 0 0 971 0 0 0 2632 0 0 0 0 1588 0 1487 0 0 2819 0 2674 0 0 0 0 0 0 1947 0 0 2249 0 0 2409 0 0 2368 2571 0 0 0 0 0 1554 0 2111 0 1588 1027 0 0 0 0 0 0 0 0 0 0 0 0 0 0 0 1887 0 0 0 0 0 0 0 0 0 0 0 0 0 0 0 0 0 0 0 1943 0 1586 0 0 0 0 0 0 0 0 0 0 0 0 0 2400 2463 0 0 1043 0 0 0 0 0 1019 0 2469 2418 0 1348 2547 0 0 2026 0 0 0 1780 0 0 0 0 0 2145 0 0 2553 0 1278 0 0 2290 0 
0 0 0 0 0 0 402 0 713 0 0 426 264 414 0 0 0 0 713 0 0 0 0 311 0 689 0 628 0 0 0 625 0 488 614 0 0 0 0 0 0 641 0 0 0 621 0 589 0 497 0 0 0 0 0 657 0 0 355 0 0 0 553 411 416 269 0 0 620 0 0 0 0 763 0 0 705 0 0 0 0 0 0 542 0 0 258 0 0 0 0 0 0 0 0 0 0 0 0 0 0 0 0 0 751 0 0 0 0 0 0 0 0 0 0 0 0 0 645 0 0 273 255 663 0 0 294 0 0 0 0 0 0 0 760 0 0 664 0 435 0 0 0 0 628 477 0 483 0 0 0 335 739 300 0 0 
0 0 0 0 0 0 0 0 0 2582 0 0 0 0 1237 0 0 0 1219 0 984 0 0 0 0 0 0 0 0 0 0 0 1888 0 2857 0 0 0 0 1777 0 0 2700 0 0 0 0 0 0 0 0 0 2400 0 2543 0 1600 0 1352 0 0 0 0 1610 1041 0 2513 0 0 2021 0 0 2953 2018 0 0 0 2527 2871 0 0 0 0 0 0 0 2312 0 0 0 948 0 0 1560 2578 0 0 0 0 0 0 0 0 0 2838 0 0 0 0 0 0 0 0 2154 2138 0 0 0 0 592 1058 0 0 0 0 0 0 0 0 0 0 0 2581 2943 0 0 0 0 0 0 0 0 0 2429 1846 0 0 0 2587 0 1295 0 1164 0 0 
0 1083 0 0 0 0 0 0 0 0 958 0 0 1157 2144 0 0 0 0 920 2097 0 0 0 0 0 0 0 0 0 0 1766 0 0 0 2535 0 2016 0 0 0 0 0 2249 0 0 0 1798 0 0 1333 0 0 0 0 0 0 1265 1473 2163 2001 0 0 0 2328 0 0 0 0 0 2672 0 0 0 0 0 0 0 1603 1789 0 0 2120 0 936 2163 0 2075 2460 0 1516 0 0 0 0 0 1283 2736 0 0 0 0 0 0 0 0 0 0 0 0 0 0 0 2000 0 0 0 834 0 0 924 0 2612 0 0 0 1742 0 0 0 0 0 2753 0 0 0 0 1574 1687 0 1789 0 2272 0 0 1749 0 0 2038 1212 2674 0 0 1980 
1130 0 0 0 0 0 2164 0 0 0 0 0 1207 0 0 0 0 0 0 2188 0 0 0 0 2371 0 0 0 0 1471 0 0 0 0 0 0 0 1734 0 0 0 0 0 0 0 0 0 0 0 0 0 0 2482 0 0 0 1319 1537 0 0 1553 0 0 2430 0 0 0 0 0 0 2882 0 2689 0 0 0 0 0 0 589 0 0 0 0 0 0 2165 0 0 1582 0 0 0 0 2304 1339 0 0 0 0 0 0 2770 1183 0 0 0 0 0 0 0 2102 0 0 0 0 870 0 1032 0 0 2725 0 0 0 0 0 0 0 0 0 2872 0 0 2510 0 1642 1761 0 0 0 2371 0 0 0 2840 2525 0 0 2791 0 0 0 
1274 0 0 0 0 0 1117 0 0 0 0 535 0 0 0 0 0 0 0 520 985 0 0 0 0 0 0 0 0 0 0 0 0 0 0 932 0 0 1210 1168 853 0 504 0 713 0 0 0 0 0 0 1100 0 0 0 0 0 1000 0 688 0 0 0 0 0 0 0 0 1235 1277 0 0 1180 0 1093 0 741 0 0 0 0 0 432 0 0 959 1137 0 0 0 674 1115 0 0 593 1265 0 0 0 695 0 0 0 0 1179 0 0 359 968 0 931 0 636 1052 0 0 256 0 0 0 0 0 0 0 0 0 0 0 0 0 0 0 888 0 947 0 0 0 827 788 1050 0 940 0 1258 0 0 0 0 0 0 0 
0 0 0 0 0 0 1815 1127 0 0 0 2522 0 0 0 0 1083 0 0 0 2936 0 0 0 0 0 0 0 0 0 0 1966 0 0 0 0 0 0 2971 0 0 0 0 0 0 2686 0 1568 0 0 0 0 0 1515 1488 0 2545 0 0 0 0 0 0 2640 0 0 0 0 0 0 0 0 0 2781 3159 0 2104 0 0 0 0 0 0 1747 2441 2894 0 0 0 0 2836 0 0 0 0 2541 2167 0 0 3197 0 0 0 3000 0 0 0 0 0 0 0 0 0 2746 0 0 0 0 0 0 2045 0 0 0 0 0 0 1504 0 0 3091 0 2829 0 1852 1985 0 0 0 0 2031 2392 0 0 2847 0 0 0 1280 0 2329 
0 2795 0 0 2796 0 0 1734 0 0 2482 0 0 0 0 0 0 0 0 0 0 0 0 0 0 0 0 0 0 0 0 0 0 2334 0 0 0 0 0 0 0 0 0 0 2644 0 0 0 2822 0 0 0 0 0 0 0 0 0 0 1127 0 0 0 686 2188 0 0 0 0 2983 0 2775 0 0 0 0 653 0 0 0 1083 2504 0 0 0 1027 0 0 1689 0 2932 0 0 0 0 0 0 0 0 0 0 0 0 0 0 0 2423 0 0 0 1593 0 0 0 0 1145 0 0 3024 2012 0 0 0 0 0 0 0 0 0 0 2224 0 2372 0 0 0 0 1973 0 0 0 0 0 0 0 0 0 1260 0 0 
0 0 0 0 0 0 0 1672 0 0 0 0 707 0 571 1302 0 0 0 0 0 0 0 0 0 0 0 0 0 0 0 0 1252 0 0 0 0 0 0 0 0 957 0 0 0 0 0 0 0 0 0 0 0 0 0 1242 0 934 0 0 0 0 0 1173 0 1659 1715 0 1600 1584 0 1467 0 995 0 0 0 0 1595 0 0 0 1288 0 550 0 0 0 1497 0 0 0 0 0 0 0 933 0 1648 0 0 1583 0 1627 0 0 1639 0 0 0 0 0 517 343 0 574 0 0 0 0 600 0 0 0 0 0 0 0 0 0 0 0 0 0 0 0 0 0 0 0 0 1690 0 0 0 0 0 0 1229 
0 0 0 1591 0 0 0 0 2209 0 0 0 2727 0 2162 0 0 0 0 0 0 0 0 0 0 1820 2290 0 1723 2612 0 0 0 2393 0 2603 0 0 0 2197 0 1853 0 0 1374 0 0 0 0 0 0 1303 0 0 0 0 1552 0 0 2423 0 0 0 2503 0 0 0 2656 0 0 0 0 1652 0 0 0 0 0 0 0 0 0 0 0 0 2615 0 0 0 0 0 0 0 0 0 0 2801 0 0 1411 0 2733 0 0 0 2721 0 0 1419 0 0 0 571 0 0 0 0 0 0 0 1796 2413 0 1411 1318 2489 2837 0 0 0 2111 0 0 2069 1844 0 0 0 2095 0 0 0 0 0 0 0 2238 0 
0 0 1700 0 0 0 0 0 0 0 0 2916 1014 0 0 0 0 0 0 0 0 0 0 0 1946 2448 0 0 0 0 0 0 0 2885 0 0 0 0 0 0 0 0 2031 1469 2474 0 2621 0 0 0 0 0 0 2205 1640 0 0 0 0 0 0 0 0 0 3044 0 2839 2813 0 0 0 0 1971 0 0 0 0 0 0 0 2286 2711 0 0 0 0 2657 0 0 0 0 0 0 2964 0 2995 0 0 1509 0 2922 0 856 0 0 0 2204 1517 0 0 0 0 0 0 2645 0 0 1173 0 0 0 2526 0 1409 0 0 0 2117 0 0 0 0 2212 1972 0 0 0 0 0 0 0 0 0 0 1199 2393 0 
0 0 0 0 2385 1024 0 1377 2286 0 2342 0 0 0 0 0 0 2012 0 0 0 2003 1248 0 0 0 0 2244 0 0 0 0 0 0 0 0 0 0 1365 1591 0 0 0 0 2158 0 0 0 0 0 0 1915 1771 0 0 0 0 0 0 0 1673 0 2365 0 0 0 0 0 0 0 0 0 499 0 0 0 828 1914 1315 0 0 0 0 0 0 0 2242 1954 1136 0 0 0 2381 0 0 0 0 1212 0 0 0 0 0 2337 0 0 1218 2014 0 0 0 0 818 0 0 1538 0 0 0 2072 0 1212 0 0 0 0 1701 0 1813 0 1494 0 0 0 0 0 0 1549 2409 0 1804 0 0 0 0 0 
0 0 0 0 0 2210 1604 2663 1175 0 0 0 1160 0 0 0 0 0 0 1552 0 0 0 0 0 0 2613 0 2079 1714 0 0 2604 0 2319 0 0 0 0 0 1900 1375 0 0 0 0 0 1328 0 0 0 0 0 1552 0 0 0 0 0 0 0 0 0 0 2657 0 0 0 0 0 0 0 0 0 0 965 2230 0 0 0 0 0 2616 0 2486 0 0 1323 0 0 0 2774 0 0 0 1169 1412 0 0 0 801 2158 0 0 2062 1419 0 0 0 571 0 953 2475 0 0 0 0 0 0 0 0 0 0 0 0 1981 0 2112 0 0 2069 0 1757 2343 0 0 0 0 0 0 0 0 0 0 2042 
0 987 0 0 0 0 0 751 1743 0 0 0 0 0 0 0 0 0 0 0 0 1163 0 0 0 0 0 0 1095 0 0 0 1216 0 0 1404 0 0 1504 0 878 0 0 1567 1629 0 848 833 0 0 0 0 0 0 0 0 0 0 0 0 1760 0 0 0 0 0 0 0 0 1178 0 0 0 1692 0 0 0 0 0 0 0 1672 0 0 0 0 0 0 0 0 0 0 0 0 747 902 1680 0 1727 0 0 0 0 0 907 0 0 0 0 0 0 1581 1721 0 0 0 0 0 0 902 842 1591 0 0 0 0 0 0 0 0 0 0 0 0 0 0 0 0 0 0 0 0 0 0 
0 1102 0 0 0 0 0 0 376 0 0 0 0 674 0 0 0 0 0 0 0 0 0 683 1036 0 0 0 0 1071 1033 0 0 0 0 0 0 0 0 0 0 997 0 0 612 0 0 0 0 0 0 0 398 952 0 0 0 0 0 0 0 772 0 0 0 0 0 0 0 230 0 0 0 0 0 0 0 0 362 620 1038 0 0 0 0 0 0 0 753 0 0 0 1085 463 560 1043 1084 0 318 0 0 0 818 0 0 0 341 0 0 0 981 0 0 0 0 0 957 0 0 0 987 0 0 0 0 0 0 0 821 732 0 0 0 831 0 1113 0 0 0 0 445 0 810 
1723 0 0 994 0 0 0 0 0 0 1363 1596 0 1453 917 900 0 1447 0 0 0 0 0 1621 0 0 1063 1484 0 0 0 0 0 0 0 0 0 0 852 0 0 0 0 0 823 0 942 0 0 0 0 0 1489 0 1435 0 0 1553 0 1766 0 0 0 0 0 0 1025 0 0 0 0 0 0 0 0 0 0 0 0 1622 0 0 0 1411 820 1750 0 0 0 961 0 0 0 0 0 1695 0 497 0 0 0 0 0 0 0 533 0 0 0 0 0 0 0 618 0 0 0 0 817 0 0 0 1228 0 0 1006 0 0 0 1089 0 1104 0 0 0 0 0 0 0 0 1388 0 
1331 0 1789 0 0 3043 0 0 0 0 0 0 0 0 0 0 0 0 2031 0 0 0 0 0 0 0 0 0 0 2123 0 0 0 1774 0 0 2119 0 0 2803 2736 0 0 0 0 0 2488 0 0 0 1120 0 0 0 0 0 0 0 0 0 0 0 2757 0 0 1843 2057 0 2258 2438 0 0 0 0 0 0 0 1744 2918 0 2773 0 0 1476 3147 0 0 3094 1730 0 0 0 0 0 0 0 0 2407 3036 0 0 0 0 0 959 637 0 1063 0 0 0 0 0 2004 0 0 0 0 2777 3166 0 2209 0 0 0 0 0 0 0 2613 0 0 0 3130 2783 2344 0 0 1252 0 0 
0 0 0 0 1307 0 0 556 0 0 0 0 0 0 0 1118 0 0 0 0 0 0 0 0 821 0 0 0 0 0 0 0 762 888 1128 0 0 0 0 0 1222 0 0 0 728 0 0 735 0 0 0 0 0 0 934 0 0 0 0 0 1261 0 0 0 0 0 278 0 0 0 0 0 734 0 0 438 0 0 0 0 0 0 0 1352 0 0 0 743 0 0 560 0 0 1310 0 0 0 0 995 0 0 0 0 412 273 488 0 0 0 0 0 0 0 0 0 676 0 1193 0 0 0 1188 0 0 833 0 884 0 0 0 0 0 0 1196 0 0 1321 0 0 978 
0 0 0 0 842 1919 0 0 0 0 2079 0 0 0 0 1290 1616 0 0 1529 0 0 1845 0 0 0 0 1689 2058 0 1951 0 0 0 1686 0 0 2231 2177 0 0 0 0 0 1979 0 0 1378 0 0 0 2054 0 1730 0 0 0 1728 2358 2336 0 0 0 0 0 0 0 0 2351 0 1979 0 0 2251 0 1388 2322 0 0 0 2020 0 0 1976 0 2462 1376 0 0 0 0 2334 2426 0 0 0 2415 1843 0 0 2082 0 763 0 0 0 0 0 0 974 0 1594 2142 0 0 0 0 0 0 0 0 1875 0 0 0 0 0 2079 1580 0 0 2491 0 0 0 0 996 1987 0 
0 0 0 0 0 0 1415 0 0 1509 0 0 0 1502 0 0 0 0 0 1683 0 0 0 0 1738 0 0 0 725 0 0 1193 1516 0 885 0 1618 0 0 0 0 0 978 0 0 0 0 646 1546 0 0 393 1255 0 0 0 0 0 1695 0 0 0 0 0 0 0 0 0 0 0 986 1377 0 0 1007 1685 0 0 0 0 0 0 0 0 0 998 0 0 0 0 1693 0 0 0 0 0 1337 1328 0 1511 0 0 0 657 0 0 0 0 707 642 1157 0 1522 0 849 0 0 0 1275 0 0 1045 0 0 0 1131 0 0 0 0 0 0 0 0 1776 0 0 0 
0 0 1015 0 0 2350 0 0 2505 1581 0 0 0 1554 0 0 0 0 2794 613 0 0 0 2886 0 0 2479 0 2350 0 0 0 0 0 2475 0 0 0 0 0 0 1624 2385 2206 0 0 1073 2567 0 0 0 0 0 0 0 0 0 0 0 0 2961 1767 0 0 2164 0 0 0 0 0 0 0 0 0 0 0 0 0 0 1414 3016 0 0 0 0 0 0 0 0 0 2923 2890 0 2307 0 0 0 1517 2508 2573 919 0 0 1019 0 2879 0 0 0 0 2581 0 0 1409 2661 0 0 0 0 2258 0 1860 0 1972 0 0 0 0 0 3000 2668 2246 0 0 0 0 0 
0 0 0 0 1037 0 0 0 698 0 0 0 0 0 0 1300 0 0 0 0 0 1130 0 0 0 0 531 0 0 0 0 0 0 1092 0 0 0 0 0 0 0 0 974 0 0 474 0 0 0 288 0 0 0 1344 0 0 1242 0 0 0 780 870 0 0 0 0 0 0 0 1009 0 0 0 0 0 0 0 0 0 1332 0 0 0 732 0 0 0 0 1241 1290 0 0 0 0 0 973 0 1107 1136 0 0 481 0 1168 1271 0 0 0 0 0 0 0 0 0 0 0 0 0 997 766 0 0 0 829 0 840 0 0 0 0 0 0 1301 0 0 0 
1040 0 0 0 0 0 0 0 1590 1700 0 1593 0 2509 0 1888 2863 0 0 1878 0 0 0 2085 0 0 0 0 0 2580 2081 0 0 0 0 0 0 0 0 0 0 0 0 0 0 0 2655 0 0 0 0 0 3120 0 2910 0 2708 0 0 0 0 637 2218 0 0 0 0 0 0 2779 0 0 0 0 0 0 2494 0 3091 0 0 3039 0 3070 0 0 0 0 0 0 0 0 2981 0 2259 0 0 0 942 0 0 0 0 2950 1963 1202 0 1968 0 0 0 1444 0 0 0 2170 2717 0 0 1906 0 0 0 0 1950 0 1976 0 2734 0 0 0 0 0 0 
824 442 838 981 0 0 564 0 0 0 0 0 0 1050 0 0 0 0 653 0 0 0 0 0 0 0 0 0 0 0 524 0 0 0 0 0 0 0 0 0 0 0 591 0 915 0 0 0 0 0 0 0 0 0 1003 942 929 0 0 0 0 0 0 0 367 0 583 815 0 348 0 0 573 947 0 0 504 0 849 0 0 591 1068 0 0 538 0 0 0 0 0 1037 0 0 0 0 917 0 217 0 0 0 1026 0 418 0 0 0 901 538 0 0 1082 1033 0 0 805 0 0 0 0 669 893 0 0 0 0 951 801 476 0 0 853 778 
0 0 0 0 0 0 1260 0 2026 0 1581 0 0 0 0 497 0 0 0 0 0 0 0 0 1909 0 0 0 0 0 0 0 2130 0 1340 0 0 0 0 0 0 0 0 0 0 2009 530 0 0 2392 0 0 0 0 0 0 0 0 0 0 0 0 2300 0 0 0 0 0 0 0 2272 0 0 2267 1976 0 0 0 0 2408 0 2433 0 0 0 2283 0 0 696 0 0 0 0 0 0 0 0 496 886 0 0 0 0 0 0 0 0 0 1226 0 0 2464 0 0 2153 0 1409 0 0 0 0 2034 0 1820 1566 2437 0 1824 0 0 0 0 0 
0 0 0 0 0 0 0 1087 0 0 0 0 0 1218 0 969 0 0 0 1213 0 1080 0 0 0 864 0 0 640 0 0 0 0 0 0 0 0 0 0 0 0 468 0 0 0 284 0 0 1284 1327 907 1238 1226 0 0 1290 770 0 0 943 0 1234 0 0 0 0 0 426 728 0 0 0 0 0 0 0 0 0 0 0 0 0 0 658 0 0 0 0 1006 0 0 0 0 0 1122 0 0 475 0 0 0 835 0 0 837 0 0 658 614 0 1322 1262 923 0 0 0 811 0 0 0 0 829 977 0 0 1163 979 582 0 523 0 0 
2271 0 0 1305 0 0 0 0 0 2021 0 0 0 506 1835 0 0 0 0 0 0 993 0 1403 0 0 0 0 0 2218 2164 0 0 0 0 0 0 0 1354 1370 0 0 2139 0 0 1720 0 0 0 0 0 2323 0 0 2444 0 0 0 1786 0 0 0 0 1351 0 0 807 1380 0 0 2194 0 0 1167 0 0 1676 0 0 2473 0 1032 1246 0 0 0 707 1905 2402 0 0 0 0 2124 0 0 900 0 0 0 0 968 0 0 0 0 0 0 0 0 0 0 0 0 0 1535 1826 0 0 0 0 0 0 0 0 0 1102 0 0 0 0 
0 0 0 0 0 0 0 1881 0 2847 1781 0 592 2148 0 2473 0 0 1966 0 0 0 0 1915 0 0 0 0 0 0 0 1595 1372 1347 0 0 0 1586 0 0 0 2505 0 0 0 0 0 2943 0 0 0 0 2518 0 0 0 0 2092 0 0 0 0 1582 0 0 945 0 0 1554 2568 0 0 1367 0 2301 1962 0 0 2895 0 0 0 0 0 2793 0 0 0 2146 0 0 0 0 0 0 1054 985 0 0 0 0 0 0 0 0 1459 1362 0 0 0 0 2562 0 0 0 0 0 1815 0 1839 0 0 0 2578 0 0 0 0 0 2109 
0 0 990 1059 1592 0 1243 0 0 0 0 391 0 1169 0 0 1777 0 0 0 0 0 0 0 0 0 0 0 0 0 0 906 0 0 0 0 0 0 685 0 0 0 0 0 0 1880 0 1328 0 0 0 1663 0 0 0 0 0 0 0 0 1522 0 0 0 0 1067 0 0 0 0 0 0 1925 0 0 0 0 0 0 0 963 0 0 0 0 0 0 0 1407 0 0 0 0 0 0 0 0 0 1223 749 0 0 0 0 0 0 0 1937 0 0 0 1441 0 1187 1412 0 0 0 1215 0 0 1915 1703 1434 852 0 0 0 0 
0 0 0 2195 0 0 0 0 0 0 0 1956 0 0 0 0 0 0 0 0 1496 0 2215 1788 0 2178 0 0 0 0 0 1227 0 0 1941 1444 0 0 0 0 2177 0 0 2356 0 0 0 0 2476 0 0 0 1555 0 0 1905 0 0 0 0 1441 2013 0 0 0 2462 0 0 0 0 0 0 2095 0 0 0 0 0 0 1328 2474 0 0 0 2031 0 0 0 1335 0 0 809 537 0 0 0 2534 0 0 937 0 0 2224 0 0 0 0 2549 0 0 1987 1527 0 0 1736 1653 0 0 0 0 0 0 1977 0 0 0 0 0 
0 0 0 0 0 1360 0 0 0 0 0 1018 0 0 0 1130 0 0 0 0 0 0 0 0 0 0 1457 0 0 0 0 902 1325 1226 0 0 0 0 1440 0 363 0 0 0 0 1156 0 0 0 1448 1645 0 0 0 0 1298 1573 0 0 0 0 0 0 929 1554 0 1477 1551 0 0 1676 1323 0 0 0 0 1626 0 0 0 0 1605 0 0 0 0 0 0 0 0 0 339 0 0 0 0 0 652 0 0 0 0 0 783 0 1686 1609 0 0 1255 0 0 0 0 1044 0 0 0 0 0 0 0 0 0 0 1330 0 
0 0 847 0 0 0 0 0 0 0 999 1395 0 0 0 1351 0 0 0 0 0 0 0 0 0 0 0 0 0 0 885 0 0 0 0 585 0 0 0 0 0 1459 1605 0 0 0 1534 0 0 0 0 0 339 0 0 0 562 0 0 0 0 533 911 0 0 1449 1521 0 0 0 0 0 0 0 0 0 681 0 0 0 0 0 0 0 1210 0 0 0 0 0 0 0 0 0 0 0 0 580 0 0 0 0 0 0 1654 0 1154 1445 0 946 0 0 0 0 0 1037 0 0 0 0 0 728 0 0 1304 0 
0 0 0 0 1717 1074 0 0 0 0 1492 0 0 0 0 0 0 0 0 0 0 0 0 0 0 0 962 0 813 0 0 1286 0 0 0 1496 0 0 0 0 1561 0 1775 0 0 0 1541 0 0 1030 1149 0 0 1362 1651 0 0 0 1333 0 0 0 0 0 0 0 0 0 0 0 0 1729 0 1747 0 728 0 0 0 0 0 0 0 0 1285 0 0 1500 0 0 0 594 0 1679 0 684 0 0 0 0 0 0 0 0 0 1235 0 1317 0 0 0 0 0 0 0 0 1124 0 0 0 0 0 699 1395 0 
0 0 0 0 0 0 0 0 0 0 0 2440 0 0 0 0 0 0 0 0 0 0 0 2298 0 1446 0 0 1423 0 0 0 0 0 0 0 2168 0 0 0 2581 0 1824 0 0 0 0 0 0 0 545 1896 0 0 0 0 0 0 0 0 0 2451 1409 0 0 0 1239 2643 2086 0 0 0 0 0 1095 0 0 2561 0 0 0 2550 0 0 1329 2198 2255 0 0 0 0 0 2523 0 1028 0 1683 2261 0 1323 0 0 0 2538 0 2323 0 0 0 0 0 0 2194 0 1964 0 0 2338 0 0 0 0 0 1912 
1063 1337 0 0 0 334 0 0 0 0 0 0 0 0 0 0 0 1375 0 0 0 0 0 0 0 0 0 0 0 0 0 0 0 0 0 1351 0 0 1462 0 0 0 0 1536 1443 0 1617 0 1076 339 0 0 0 0 0 894 0 0 534 0 1527 878 1451 1524 0 0 0 0 1109 0 0 0 0 0 0 1535 1596 0 0 0 0 1212 0 0 0 1405 0 0 595 0 0 0 0 0 0 0 0 0 824 0 1453 0 0 0 0 0 0 0 0 0 0 0 0 0 0 1638 1457 1226 0 0 655 0 0 
0 2015 0 0 419 0 0 1750 0 0 0 0 0 0 1163 1355 0 0 1005 0 1838 0 0 0 0 0 1111 1631 0 0 1135 0 0 1772 0 0 1425 0 0 0 0 0 0 1807 0 0 1208 0 0 0 0 0 705 0 1120 1564 0 0 1143 0 0 1818 0 0 0 0 0 0 0 0 0 0 0 0 0 1999 0 0 0 1990 0 0 0 0 0 0 0 746 0 0 1969 1310 0 729 0 1765 0 0 0 0 0 0 0 0 0 1187 1272 0 0 0 0 0 0 0 2052 0 0 0 0 820 0 0 
2534 0 2404 0 0 0 2201 2483 0 0 2133 0 0 1463 1705 0 1747 0 0 2312 0 0 0 0 1199 1397 0 0 0 0 0 2208 2229 0 562 0 0 0 0 0 0 0 2273 0 2547 0 0 0 1862 0 0 0 0 0 0 0 0 0 0 0 0 0 0 0 0 0 0 0 1426 0 0 0 0 2418 0 0 0 0 0 0 1897 1305 0 0 0 0 0 0 0 0 0 1009 0 1652 0 0 0 0 0 2610 2492 1822 0 0 0 0 0 1697 0 0 0 0 0 0 0 0 1149 2536 0 0 0 
1907 0 0 0 1896 0 0 2881 0 2566 1245 0 0 2051 0 2102 0 2561 0 0 0 0 0 0 0 2468 2283 0 1717 0 2656 0 2560 0 2157 2771 0 0 0 0 0 0 0 0 0 0 0 0 0 0 0 0 0 0 0 0 0 0 1664 0 0 0 1464 0 0 2101 0 1716 0 0 0 0 0 3025 2990 0 2388 0 0 2282 0 2596 2663 0 0 0 0 0 0 0 0 0 0 2671 2615 0 0 0 3140 2998 2192 2744 0 0 0 2290 0 1944 0 1970 0 0 0 2761 2325 0 0 0 0 0 
0 0 0 0 1656 0 0 1317 1605 0 0 0 0 0 0 0 0 0 0 0 1068 0 0 1051 1543 0 1062 0 0 1661 0 0 0 0 1733 1906 0 0 1839 1821 0 0 0 0 0 0 0 0 0 0 1543 0 0 1755 0 0 0 1041 0 0 0 915 0 0 0 1919 0 0 0 0 0 0 0 0 0 1494 1883 0 0 0 0 0 0 0 0 0 0 0 0 0 689 0 0 0 977 0 0 0 0 0 0 0 0 0 1432 0 0 1621 0 0 0 0 0 1454 864 0 0 1549 0 
601 0 0 2512 2833 2733 0 0 0 0 1669 0 0 0 0 0 0 2574 2676 0 0 0 1594 0 0 0 0 0 0 0 2429 641 0 0 0 0 2043 0 0 2594 2558 0 1734 0 0 0 0 0 1012 0 1607 0 0 0 0 0 0 2609 0 0 0 0 0 0 0 0 0 0 1227 0 0 0 0 0 0 2856 0 0 0 0 0 902 0 1070 0 0 2826 0 0 1046 0 0 0 0 1383 0 0 0 0 2602 0 0 0 0 1936 1844 0 1868 2200 0 0 2619 0 1311 0 0 0 0 
0 394 0 0 0 0 0 0 506 366 0 0 0 0 0 0 0 0 0 0 0 349 0 0 353 357 0 0 558 0 0 0 576 0 0 0 0 0 0 0 0 0 0 133 0 0 0 0 0 352 0 0 0 0 0 0 572 0 0 0 0 0 437 0 0 0 630 269 0 0 629 0 184 0 0 478 0 0 540 0 0 0 0 0 0 620 0 252 229 413 0 0 325 303 0 0 0 456 0 486 0 0 0 0 0 0 0 0 0 646 574 0 0 0 0 0 0 
0 0 0 2174 1589 0 0 1835 1328 1547 0 0 1147 0 2098 0 0 0 0 0 0 0 1722 0 0 0 2004 0 1932 0 1627 0 2300 0 1625 0 0 0 0 0 0 0 0 0 0 0 805 0 0 0 0 763 0 0 1256 0 0 0 1104 0 0 0 0 1294 0 0 976 0 0 0 0 0 0 0 0 1721 0 0 0 0 0 851 0 0 2248 1496 0 0 0 0 0 0 1100 0 2369 0 0 0 1763 1355 0 0 0 0 1956 0 1750 0 0 0 1754 1043 0 0 0 0 
0 0 0 1310 0 774 0 0 0 1621 0 946 0 0 0 0 1062 914 0 0 0 0 0 1068 0 1652 1668 1593 0 0 0 1896 0 0 0 0 0 1677 1906 0 1269 0 0 0 0 664 0 0 1472 0 629 0 0 0 0 0 1567 910 0 0 1307 1909 1067 0 0 0 972 0 1882 0 0 1485 1873 1430 1419 0 0 0 0 0 702 656 0 0 0 0 0 0 0 0 0 0 0 0 0 0 1707 0 1117 0 0 0 1209 0 0 1443 0 1931 0 0 0 0 0 0 1405 
2595 0 0 0 0 2113 0 0 0 0 0 0 0 0 2451 0 1276 0 0 0 0 0 0 0 0 0 2224 587 1873 0 0 0 0 0 0 2376 2343 0 0 0 0 1946 0 0 0 0 0 0 0 879 0 0 0 0 2510 0 0 0 2140 1825 2666 0 2693 0 1123 1357 2527 2628 0 0 2074 0 0 0 0 0 0 826 0 0 0 0 0 1722 0 0 0 2320 0 1357 0 0 0 0 0 2384 0 0 1672 0 0 0 0 0 2015 1734 0 2398 2019 1201 2650 0 2152 0 
0 0 0 0 0 0 0 0 0 0 2509 0 0 0 0 1439 0 1647 2418 0 0 0 0 0 0 0 0 2113 0 0 3088 0 2880 0 0 0 0 0 0 0 2194 2370 0 0 0 0 0 0 0 0 2836 0 0 0 2468 0 3059 2414 0 0 0 3038 2967 0 0 0 0 0 0 0 2950 0 0 0 0 0 0 619 0 0 0 2919 0 0 0 0 2617 0 0 1429 0 0 2937 2147 0 0 0 1886 0 0 0 2539 0 0 0 3042 0 0 0 0 0 0 0 
0 2425 0 0 0 0 0 1987 1437 0 0 2565 0 1614 0 0 1589 0 0 0 0 1050 0 0 0 0 2038 0 0 0 0 2778 0 2585 0 0 0 0 608 0 0 0 0 0 1601 0 0 0 0 0 0 2600 0 2380 0 0 2329 0 0 0 2931 0 0 0 0 0 0 0 0 0 0 0 0 2454 0 0 597 0 0 0 2816 0 0 0 0 0 2472 0 0 0 0 2833 2071 2593 0 0 0 0 1929 0 0 0 2192 0 0 0 0 0 2884 1174 2341 0 
1772 0 0 0 0 1800 1452 0 1769 1921 0 0 0 1014 0 0 0 0 1173 0 767 0 0 0 467 0 1914 0 0 1488 0 2011 0 0 0 0 0 444 0 0 0 0 0 0 0 0 0 0 0 0 0 0 0 1011 2156 0 0 2120 0 2142 0 0 1079 2010 0 2066 0 1649 0 0 0 0 0 0 0 436 0 0 0 0 0 839 0 1373 1845 0 1079 1007 0 0 2071 1514 0 0 0 0 0 0 0 0 0 0 0 2145 1907 1606 0 0 0 0 1560 
1048 0 1481 0 2193 0 0 0 2340 0 0 0 0 0 0 0 1921 1429 0 0 0 0 0 0 0 0 2565 0 0 0 0 0 0 0 0 0 0 0 0 0 0 2076 0 1992 2362 0 0 0 0 0 0 0 0 0 0 0 0 1444 0 0 0 1315 0 2546 0 0 0 0 1934 1920 0 2185 0 0 531 0 0 2305 0 1669 0 0 0 0 2201 0 1227 2318 0 2523 0 2309 0 0 0 0 1718 0 0 1658 0 0 0 0 0 1163 2568 0 2085 0 
0 0 0 0 0 0 0 1136 0 1153 0 0 0 0 0 932 0 0 0 1085 0 0 0 0 1132 1245 0 880 0 0 0 1102 0 747 0 0 0 0 1197 0 0 0 967 0 413 706 0 680 0 0 1029 0 1275 0 0 0 0 0 1237 528 638 0 1236 0 362 975 0 939 0 0 0 1088 0 0 0 431 0 0 0 0 450 0 0 0 0 0 1125 0 0 0 0 0 0 786 0 0 0 0 0 0 815 0 0 0 0 0 0 0 0 
0 0 0 0 0 0 0 2165 2251 1362 0 0 0 0 1821 0 0 0 2119 0 0 0 1721 0 0 0 0 0 0 2182 2152 2445 0 0 0 0 1929 0 0 1968 1352 1888 0 0 0 0 1328 2194 2305 0 0 2491 0 0 2449 1369 2474 0 0 0 0 0 0 707 0 0 0 1820 0 0 2125 0 0 0 0 2185 2377 0 0 0 0 0 2087 0 0 0 0 2392 0 0 0 0 0 0 0 0 2068 0 0 1592 0 0 0 0 0 0 0 0 
1184 1504 0 0 1478 0 1566 0 0 0 0 0 1424 1318 0 0 0 0 1548 0 390 1245 1599 0 0 0 0 0 0 0 1768 0 0 0 1293 0 0 0 0 0 1366 0 0 998 0 0 0 0 0 0 0 1422 0 0 990 0 0 0 0 0 0 0 0 0 1738 0 1317 0 0 0 0 0 0 608 0 0 0 0 0 0 1541 1509 902 842 0 0 1730 0 0 0 0 0 0 0 0 0 0 1339 0 1792 1594 0 0 1761 0 1430 0 
1753 0 0 0 0 0 1898 1149 988 970 1131 0 0 0 1155 0 0 0 0 0 0 0 0 2120 0 0 0 0 0 2061 0 0 0 0 1627 0 0 0 0 0 0 0 1164 1947 0 0 1943 0 984 0 0 0 0 0 0 0 870 0 1957 2035 0 0 1606 2026 0 0 0 0 0 0 0 0 0 0 2004 0 0 0 0 0 0 1051 0 1853 0 0 0 1846 1572 0 0 0 0 1308 1743 1325 0 0 0 0 0 0 2052 835 0 1519 
0 0 0 2376 0 0 0 0 0 1436 0 1951 0 1468 0 0 0 0 0 0 0 0 0 0 0 2489 0 0 0 1563 0 0 0 0 0 0 0 1448 0 0 0 0 2474 0 0 0 0 1251 0 0 1796 0 0 0 2588 0 0 0 0 0 0 0 0 1964 0 1342 2218 0 813 540 0 0 2340 0 1694 0 0 0 0 0 1335 0 0 0 0 0 0 0 1534 0 0 0 0 2215 0 0 0 0 0 0 1181 0 0 0 0 
1049 1766 0 0 0 0 0 0 0 0 0 0 0 766 0 1849 0 0 0 0 2102 0 0 2027 0 0 1860 0 0 0 0 0 0 2021 736 0 0 0 0 0 0 0 0 0 0 0 1009 2153 0 0 0 0 0 2088 0 0 0 0 0 0 0 2076 1585 0 0 1790 0 656 0 0 0 0 0 0 0 0 1370 0 1803 1077 0 0 0 0 1511 0 0 0 0 0 0 0 0 1358 0 0 0 0 0 0 0 0 0 0 
0 0 0 0 0 0 719 0 1231 0 0 0 0 0 0 0 0 0 1382 0 0 0 1466 0 0 0 0 0 1018 0 0 1206 1462 0 1231 0 1181 0 504 0 1444 830 1372 1441 0 0 0 0 0 0 0 1547 1510 0 0 0 0 0 442 1191 1502 0 1138 0 1295 1328 0 0 563 0 0 0 0 606 0 0 1332 1305 0 0 0 1566 1495 0 1369 0 0 0 0 0 0 0 0 0 0 0 1377 0 0 0 619 0 0 
0 2280 0 1435 0 0 0 0 1918 0 1443 0 0 0 0 0 1812 0 0 0 0 0 0 2298 0 0 0 0 0 1882 0 0 897 0 0 0 0 0 0 0 1398 0 2427 2116 0 0 0 0 0 0 0 2544 1086 1312 0 0 0 0 0 2530 0 0 0 0 2237 0 0 0 0 0 0 1666 0 0 0 0 0 1312 0 2314 0 0 0 0 0 0 0 0 1715 1633 0 0 0 1677 0 0 1953 1161 0 0 2081 0 
0 0 0 0 0 0 0 2082 0 0 1013 2423 0 0 0 1967 0 2780 2874 0 0 0 0 0 2795 0 0 0 0 0 0 0 0 1545 0 0 0 0 0 0 0 2635 0 1335 0 0 0 0 0 0 0 0 0 0 0 0 0 0 0 0 2081 0 0 0 0 0 0 0 2498 0 1809 0 0 1813 0 2386 0 1330 0 2864 0 0 0 2132 0 1756 0 1862 0 2364 1797 0 0 0 0 0 1261 0 0 0 0 
0 0 0 0 1496 2197 2032 0 1529 0 2364 0 0 601 0 0 0 2805 0 2617 0 0 2400 0 0 0 0 0 0 0 0 0 1508 2107 2498 0 1540 0 0 0 0 2242 0 0 0 0 0 0 2760 0 1151 0 0 0 0 0 2126 0 2046 0 0 0 0 0 0 1004 0 2437 0 0 0 0 0 0 0 0 0 2452 0 0 0 0 0 0 0 0 0 0 2307 0 2065 0 2764 0 2069 0 0 1105 0 0 
0 1359 0 1556 0 0 1571 0 0 0 2482 2370 625 1996 0 0 0 1993 0 0 0 2496 2836 1692 0 0 2073 0 0 988 0 0 0 2597 936 1601 0 0 0 0 0 1355 0 0 0 0 0 2870 0 0 1446 2693 0 0 0 0 2787 0 0 0 0 0 0 0 0 976 0 0 0 1124 0 0 0 0 0 0 0 2906 0 0 0 2163 0 0 0 0 0 0 0 0 1847 2874 0 0 0 2824 0 0 0 
0 808 0 1382 0 951 0 0 0 0 0 0 0 1552 0 0 0 0 0 0 0 1716 1024 0 0 1255 0 1642 0 1382 0 0 0 0 0 0 932 0 1618 0 0 1749 1380 1177 0 0 0 0 0 0 1630 1694 0 496 0 0 0 0 0 1454 0 0 0 0 591 0 0 1111 0 0 0 0 0 0 817 0 0 1679 1228 0 0 0 0 1282 0 1089 0 0 0 0 0 1547 0 0 0 0 0 0 
0 810 0 0 0 0 0 0 1292 1234 0 0 0 0 0 0 0 0 0 0 1476 0 0 0 1079 1165 1412 0 0 0 0 0 487 0 1395 0 0 0 0 0 0 0 0 0 0 1494 0 0 0 0 0 1441 427 0 0 0 0 0 0 0 458 0 0 0 0 0 955 0 531 0 0 0 0 0 0 1513 0 0 0 0 865 0 1103 983 0 1249 0 0 0 0 0 0 0 0 0 1193 0 
0 0 0 0 0 525 1257 0 0 320 0 0 0 0 0 1391 0 0 1276 0 0 965 0 0 0 0 0 0 802 0 1328 479 0 1370 0 0 0 0 0 0 0 0 0 0 0 0 0 739 0 0 0 0 0 0 0 1080 0 0 0 450 0 0 0 0 1410 0 0 0 940 0 1238 0 0 0 0 0 0 0 1106 0 0 0 0 0 0 932 0 0 1469 0 0 654 0 0 0 0 
1360 0 0 0 612 1464 0 0 372 0 0 0 0 0 0 1605 0 1487 1689 0 0 0 0 0 0 0 0 934 0 0 0 0 1596 917 0 0 0 0 0 0 0 1692 0 0 0 0 0 0 0 0 0 0 0 0 0 865 0 0 0 348 0 0 1510 1643 0 0 0 0 0 0 0 804 0 1731 0 1208 0 0 0 0 0 1125 0 0 0 0 0 0 0 0 0 1682 0 0 1245 
1848 1374 1390 0 0 0 0 0 0 0 0 0 0 2379 0 0 0 2480 0 0 0 0 1958 0 0 0 0 0 0 0 0 0 1347 0 0 0 0 0 0 0 2484 1389 0 0 1047 0 0 0 0 717 1933 2438 0 0 0 0 0 0 511 0 0 0 0 0 0 892 0 0 0 1265 0 0 0 0 0 0 1892 0 1558 1853 0 1574 0 0 1877 0 2513 2235 1882 1119 2470 0 0 0 
0 1286 0 0 2008 0 506 0 0 0 0 0 0 0 2048 0 0 0 1528 0 0 0 0 0 0 0 0 2102 0 0 0 0 0 0 0 0 2338 0 0 0 0 2322 2267 968 0 0 0 0 0 1788 0 1721 0 0 0 0 712 473 0 0 0 0 1485 0 826 0 0 0 1170 1092 2063 0 0 0 0 1750 0 0 1714 0 0 0 0 0 0 2325 2068 1741 0 0 930 0 0 
956 0 0 0 0 376 0 0 0 0 1199 0 0 0 0 1706 0 0 0 0 0 0 0 0 0 1318 1563 0 0 0 927 0 0 1403 0 0 0 1170 1709 0 0 1686 0 0 0 0 0 494 0 0 1280 1271 874 0 0 0 0 0 0 0 0 1104 676 0 1107 0 0 0 812 1534 0 0 1221 0 0 0 0 0 0 0 0 0 0 0 0 1538 0 0 0 0 1379 1258 
0 1496 0 0 381 0 1561 0 0 1213 1656 0 0 0 1726 0 0 362 0 0 1651 0 1390 0 0 0 570 974 0 938 0 0 0 0 0 0 0 0 0 1747 1706 728 0 0 0 0 0 0 1696 0 0 0 0 1500 0 0 0 0 1543 1679 0 684 0 0 0 1473 880 0 1552 1769 1689 1235 1546 0 0 0 0 0 0 1460 1110 0 0 0 0 0 0 0 0 0 1272 
968 0 0 0 0 0 0 0 0 0 0 0 0 1116 0 0 0 0 881 0 0 0 617 0 1022 368 0 0 0 1002 0 0 0 1137 898 0 0 625 1130 1103 0 0 0 0 1090 0 0 0 837 0 0 0 0 0 0 0 0 0 0 0 0 0 0 973 0 569 531 0 0 1092 0 0 0 0 0 0 0 708 0 718 0 0 0 1006 0 0 0 452 0 0 
0 0 0 0 0 0 0 0 0 0 0 2350 2670 1593 0 561 0 0 0 0 0 1476 0 2445 0 0 2522 0 0 2517 0 1275 0 0 0 0 0 2702 0 0 0 0 2636 0 0 0 0 0 0 1368 2262 0 0 0 0 0 0 0 0 0 961 0 2327 2279 1361 0 0 2736 0 0 0 0 0 0 0 1778 0 0 0 2021 0 0 0 0 0 0 0 0 1968 
0 0 0 0 0 2772 0 0 2562 2406 0 0 0 0 0 1970 0 0 0 0 0 0 0 0 0 0 0 2420 0 0 1288 0 0 1849 0 1509 2728 2664 0 0 0 0 0 0 0 0 0 0 1381 2284 0 0 0 0 0 2409 0 1744 1068 0 0 0 0 0 1283 2423 0 0 1928 2414 0 0 0 2014 0 0 0 0 0 1756 0 2429 0 0 0 0 2179 0 
0 1811 0 0 0 0 0 0 0 0 0 1536 0 0 0 0 2462 0 0 0 0 0 0 1453 0 0 2310 0 0 0 0 0 0 0 1441 0 0 0 0 2444 0 2512 0 0 0 0 0 1319 2180 0 0 0 948 0 2300 2503 0 1020 0 0 0 2197 0 0 0 0 0 1841 0 0 0 0 1923 0 1633 0 0 0 0 0 2319 0 0 0 0 2080 1897 
0 614 0 0 0 0 0 0 0 0 0 0 0 0 0 650 0 0 0 0 0 0 0 642 0 0 0 0 0 0 0 466 0 0 0 0 0 0 645 0 0 0 529 668 0 506 0 0 590 0 0 0 0 0 661 0 0 0 0 0 0 0 0 0 0 0 0 0 0 0 427 507 0 0 574 0 514 0 0 0 0 0 0 0 0 0 
0 0 0 0 0 2060 0 0 2167 0 0 455 0 0 0 0 0 0 0 0 0 1224 0 0 0 0 0 0 0 0 0 2171 0 2193 2142 0 0 0 0 0 0 1689 0 0 0 1111 1836 0 0 0 0 0 1937 0 0 859 0 0 0 0 0 0 0 0 0 0 0 0 0 0 0 1444 1375 0 0 1641 0 0 0 1644 0 0 0 0 0 
2770 0 0 0 0 0 0 0 1662 0 0 2036 0 0 0 2242 1540 0 2551 0 0 2631 0 0 0 0 0 0 0 1910 0 0 0 0 0 0 0 0 0 0 0 2737 0 2074 0 0 0 0 0 1026 0 2489 0 0 0 1002 1806 0 0 1420 0 0 2854 0 0 0 2124 0 0 0 0 0 0 0 2108 1814 0 0 0 0 0 0 0 0 
3151 0 0 0 0 0 0 1828 0 643 2239 0 2930 0 0 0 2366 2806 0 0 0 1664 0 0 0 0 3121 0 0 3068 0 3100 0 0 1562 0 0 0 0 0 3011 0 0 0 0 0 951 0 0 0 0 2979 0 0 0 0 0 2615 0 0 0 3140 0 2191 0 0 0 0 0 2041 0 0 0 0 0 0 0 0 1382 3050 0 2477 2258 
0 0 3010 2827 2788 3167 0 0 0 0 0 0 0 0 0 0 0 0 0 2992 0 0 0 0 0 0 0 2172 0 1774 3205 0 0 0 0 0 0 916 0 3113 2376 0 0 0 0 0 0 0 0 2831 3080 0 0 0 0 2761 0 0 0 0 0 0 0 0 0 1856 0 0 0 0 0 0 0 0 0 0 0 0 0 0 2560 2335 
0 0 0 0 0 0 0 454 1582 0 0 0 0 0 1672 0 0 0 0 0 1943 0 1779 1034 0 0 1485 0 0 2190 0 914 0 0 2137 0 0 0 0 1624 1612 0 0 0 0 0 0 0 0 0 1401 858 0 0 0 0 0 0 0 0 0 0 0 0 0 0 0 0 0 0 0 0 0 0 0 0 0 0 0 1750 0 
0 2637 2600 0 0 0 0 0 0 0 0 0 1634 2282 2706 975 0 0 0 2652 0 0 0 0 0 0 0 0 2990 0 0 0 0 0 0 0 2303 0 2216 0 0 2503 0 0 609 0 1017 2640 0 0 1171 1063 0 2575 0 0 0 0 0 2890 0 2646 0 0 0 0 0 0 2499 1899 0 0 0 2662 0 0 2942 0 0 2178 
0 2576 2927 1746 0 0 0 0 0 0 2357 0 0 2681 0 0 2765 0 0 0 0 0 0 0 0 0 0 2962 0 0 1492 0 0 0 0 0 0 0 0 0 0 0 0 0 0 0 0 0 0 0 0 0 2551 2498 0 0 0 0 0 2093 0 0 1715 1839 2187 0 0 0 0 2215 1906 0 0 0 0 2914 0 2366 2158 
0 0 0 0 0 0 0 0 958 2213 1520 0 0 0 1552 0 1493 2467 0 2259 0 0 0 0 0 1539 0 0 0 0 0 0 0 795 2142 0 0 0 1409 2329 0 0 0 0 0 0 0 0 0 0 0 0 0 0 0 0 2817 0 1966 0 0 0 0 0 0 0 0 1767 0 0 2786 2477 0 0 0 0 0 0 
0 1617 0 0 0 0 0 0 2182 1499 0 0 0 1530 2561 0 0 0 0 0 2761 2180 0 0 1518 2743 0 0 0 0 2676 2645 0 0 0 0 0 0 0 0 0 0 0 0 0 0 0 1074 0 0 2362 0 1382 0 0 0 0 0 2427 2067 0 0 0 0 0 0 1742 0 0 0 2442 2056 1223 0 0 2191 1998 
1838 2051 647 0 0 2946 0 2480 0 2379 2821 1017 0 0 1673 0 0 0 0 0 0 2112 0 0 0 0 1300 0 0 3040 3006 0 0 0 0 0 0 0 0 0 0 1134 0 0 0 1993 1220 1108 0 2684 2628 1570 0 0 0 0 0 0 2349 0 0 2301 0 1954 2605 0 0 0 0 0 0 1389 0 0 0 0 
0 0 0 0 1758 0 0 0 1419 0 0 0 0 0 0 0 1510 0 1872 0 1260 1841 0 1860 0 776 0 0 0 0 0 1432 0 0 1368 942 0 0 0 0 0 0 0 0 1189 0 0 0 0 0 937 875 0 0 0 0 0 0 0 1154 0 0 1166 0 0 0 0 1862 0 0 829 0 0 0 0 
0 1499 0 0 0 0 0 1584 1878 0 0 0 0 1841 0 1686 0 0 0 0 0 0 2075 0 0 0 1947 0 2001 0 0 0 1538 0 0 0 1782 636 0 0 706 0 0 0 0 0 0 0 0 0 0 0 0 0 0 0 0 1202 1288 1532 1366 1301 1735 0 0 1336 0 1848 0 0 0 0 1658 0 
0 0 619 0 0 0 499 0 213 0 0 0 0 0 0 0 0 0 0 0 0 0 0 0 0 0 0 631 187 0 0 0 0 331 548 0 200 133 238 0 578 0 418 256 0 0 0 0 0 0 0 0 0 462 0 0 0 0 0 0 0 0 0 0 0 0 0 0 0 0 262 0 0 
0 0 0 0 1245 1739 2062 743 0 2127 1223 0 0 1850 0 0 0 0 2255 0 0 0 0 0 2137 0 0 0 0 0 0 0 1153 1907 0 0 0 0 0 0 2189 1457 0 0 1460 0 0 0 1071 0 0 0 0 2016 0 0 0 1682 0 1428 0 1447 0 0 0 0 0 0 2242 912 1820 1659 
0 0 1957 1344 0 2226 802 0 0 0 0 0 0 0 2476 0 1667 2435 0 0 0 0 0 0 0 0 0 0 0 1823 0 0 2059 0 0 0 0 0 0 0 0 0 875 0 0 0 1239 0 2185 0 2378 1739 2177 0 1424 0 0 1619 1542 0 0 1840 0 0 2190 0 0 0 0 0 0 
0 2372 0 0 2698 0 0 0 0 2644 0 0 0 0 0 0 0 1649 0 2911 0 0 0 0 0 0 0 2895 2209 0 0 0 2560 0 607 0 0 0 0 0 0 1060 0 0 0 0 1402 0 3019 2882 2107 0 0 0 1851 2201 0 0 2492 1894 0 0 0 0 0 1329 0 0 0 0 
864 0 0 983 0 0 1013 0 963 0 882 0 1093 0 0 0 0 0 0 0 0 0 0 1047 0 0 0 0 0 0 0 0 0 0 0 0 0 0 0 0 0 696 0 916 0 0 0 0 0 0 0 0 629 0 0 0 0 0 0 812 0 0 0 0 0 1068 0 0 0 
0 1915 2271 0 0 0 1347 0 0 2038 0 0 0 0 0 0 0 2450 1047 0 0 0 0 0 0 0 0 1846 1271 0 0 0 511 0 0 0 0 1605 0 892 1608 2161 0 0 0 2229 2541 0 0 0 0 0 1558 0 0 0 0 0 0 0 2513 0 0 1118 0 0 0 0 
0 0 562 961 0 925 0 0 0 813 0 0 1168 0 953 0 1683 719 0 1617 0 0 0 0 0 0 0 0 0 0 0 0 0 0 0 0 0 0 0 0 0 0 0 0 1531 0 0 0 0 0 998 0 0 0 0 0 0 1289 0 1726 0 1292 0 0 0 0 0 
0 0 0 0 0 0 0 0 0 2424 0 0 0 0 0 0 0 0 2259 0 0 0 1854 2338 0 1771 0 0 0 0 0 0 0 0 0 0 0 0 0 0 0 0 0 0 0 0 0 0 0 0 1494 1778 0 0 0 0 1801 1549 0 0 0 0 0 0 0 1754 
0 0 2665 0 2532 0 0 0 2874 0 1934 0 1579 2854 0 0 1438 0 2785 0 816 0 2772 0 0 0 2390 0 876 0 0 0 0 0 0 0 0 0 0 0 0 0 0 0 0 0 0 2151 0 0 2108 0 0 0 0 0 1837 0 0 2140 1272 0 0 0 0 
0 0 0 0 0 836 486 0 0 0 0 0 0 0 429 0 0 0 0 0 0 0 0 0 521 0 0 0 0 374 0 0 989 0 0 0 0 0 0 0 0 0 0 995 0 0 775 596 0 0 0 0 860 0 770 0 0 916 0 0 0 0 0 749 
1643 944 0 0 1429 0 0 0 0 1741 0 1759 0 0 0 0 0 1697 0 1355 1709 0 1295 0 0 0 0 358 0 598 0 0 0 689 0 0 0 1484 0 0 0 0 1701 0 0 0 0 0 0 0 0 0 0 0 1132 0 0 0 784 0 0 0 0 
1580 0 0 0 1390 0 0 1995 0 0 0 0 0 1483 0 0 0 0 0 0 0 2166 0 0 2529 0 600 0 0 0 0 0 0 0 1887 0 0 0 0 0 0 0 0 0 0 0 1828 0 0 1846 2461 0 2202 0 2948 2622 0 0 0 1179 0 0 
0 0 1375 0 0 0 0 1675 0 0 1653 0 0 0 1651 0 484 0 0 0 1246 0 1417 0 0 0 0 0 0 1627 0 0 0 0 0 0 853 0 0 0 0 0 0 1276 0 0 0 0 0 1415 0 1266 0 0 0 0 0 0 678 0 1233 
0 0 0 0 2223 0 2769 0 0 0 0 1409 0 0 0 0 0 0 2073 0 1417 0 0 858 0 0 0 2470 2688 0 1096 0 0 0 0 0 0 2485 0 0 0 0 0 0 1737 0 1841 1754 0 0 0 1801 0 0 0 1247 0 0 0 0 
2387 0 0 0 0 0 0 0 0 0 0 0 0 0 0 0 0 0 0 0 0 0 0 598 1069 0 0 0 0 1151 1045 0 2531 0 0 0 0 0 2841 0 0 0 1702 0 0 0 0 0 0 0 0 0 2616 0 1310 2891 1177 0 0 
1209 0 0 0 2535 0 0 2501 1068 0 0 0 0 732 0 2488 0 0 0 0 0 0 0 0 0 2262 0 0 0 0 0 0 2160 1291 0 0 2594 2476 1810 2267 0 0 0 0 1686 0 2141 1627 0 1649 0 0 0 0 2520 0 2046 0 
0 0 0 1473 0 1489 0 0 750 0 0 1436 0 1146 0 0 0 0 0 1279 0 0 0 0 0 0 0 583 529 954 1282 0 0 0 0 0 0 0 0 0 0 0 0 980 0 0 0 1113 0 1491 0 0 0 0 596 0 0 
0 2152 0 0 0 0 1324 1600 0 0 0 0 2445 0 0 2336 1608 0 0 974 0 0 1080 0 0 2030 1243 0 2035 0 0 0 0 2820 0 0 0 0 0 0 0 2344 0 0 2654 0 2375 0 0 0 0 1415 0 0 0 0 
1698 0 1387 2506 0 1045 0 0 2445 2417 0 0 0 1857 0 0 0 0 0 510 0 0 0 2408 1603 0 0 0 0 0 0 1179 0 0 0 0 0 0 0 1556 0 0 0 0 0 1875 0 0 0 0 0 2466 0 0 0 
0 0 0 0 0 0 0 0 0 0 1646 0 1584 0 0 1789 1836 656 0 0 0 0 0 0 0 0 0 0 0 0 1005 0 2165 0 0 0 0 0 0 0 0 0 0 0 0 0 0 0 0 0 2103 0 0 0 
0 0 0 0 0 2929 0 3010 0 0 0 0 0 1581 2613 0 0 636 0 0 0 3000 1996 0 0 0 0 0 1573 0 0 0 3018 2206 0 0 1808 0 0 0 0 2609 1983 0 0 0 2779 2340 0 3071 0 0 0 
0 0 0 0 0 0 0 0 1344 1695 0 0 0 0 1499 0 0 635 0 0 0 0 683 0 0 1503 0 0 0 1550 1767 0 1233 1544 0 0 0 0 0 1094 0 1108 0 0 0 1554 0 0 0 0 0 1271 
3080 0 1589 0 0 3042 0 0 3063 0 0 0 2640 0 0 0 0 1072 2785 0 0 0 0 0 0 0 0 0 0 0 0 0 0 0 1826 1958 2329 0 0 0 0 2359 0 0 2808 0 0 0 1263 0 2297 
1285 0 0 0 2970 0 0 0 2283 0 1559 0 0 0 627 0 1047 0 0 0 1206 0 1974 2653 2598 1552 1448 2736 0 0 0 0 0 0 1912 0 0 0 0 0 0 1982 3084 0 2309 0 3030 0 2460 0 
663 0 1283 0 0 0 0 0 0 0 1101 0 403 0 0 447 0 0 0 0 0 0 0 0 0 0 0 1332 0 0 0 991 762 0 0 0 0 1099 0 0 0 0 0 0 0 0 0 0 0 
0 0 1533 454 1224 0 0 0 0 1330 0 487 323 578 0 0 0 0 0 0 0 0 0 0 0 0 1609 0 1123 0 0 0 0 0 0 0 0 0 0 0 0 0 1191 0 1564 0 0 1157 
2887 0 0 0 0 0 0 0 0 0 0 0 1077 1006 0 0 0 0 1052 0 0 2496 0 0 0 2997 0 0 0 2230 0 0 0 0 1855 0 1880 0 0 0 0 0 0 0 0 2364 0 
0 0 2369 0 2280 0 0 0 0 944 0 0 1046 0 2957 1967 0 0 1972 0 2595 0 0 0 0 0 0 0 0 0 0 0 0 1929 2572 1954 0 0 0 0 0 0 3027 0 2458 2241 
0 2342 0 0 0 0 0 0 0 0 0 1034 2686 0 0 0 0 0 0 2565 1533 0 2702 0 0 0 0 0 0 0 0 0 0 0 1932 0 0 0 0 0 0 2993 0 0 0 
0 876 668 0 0 0 0 276 0 0 0 0 0 0 0 0 578 0 0 0 0 801 913 0 0 0 0 0 560 0 0 0 0 0 0 0 0 0 0 402 0 361 0 657 
0 0 0 0 0 2086 0 0 884 826 0 0 0 951 0 1557 2092 0 0 0 0 0 0 0 2149 1831 0 0 0 0 0 0 1543 0 1563 0 0 0 0 0 0 0 0 
2270 2254 0 0 0 0 0 1115 1042 2705 0 1959 1199 0 1963 0 0 1543 0 0 0 0 0 0 0 0 1901 2262 2016 0 0 1946 0 1971 0 0 0 0 0 1226 2447 0 
0 1184 1957 2008 0 0 0 0 0 2246 0 0 831 0 0 0 1178 0 2076 0 2260 0 0 1762 0 0 0 0 0 0 0 0 1505 0 0 1752 0 0 936 0 0 
0 0 1993 0 0 844 0 0 2230 0 0 0 0 0 0 0 1091 0 2350 0 0 0 0 0 0 0 0 0 0 1474 0 1494 0 0 0 0 0 0 0 0 
0 0 0 0 0 543 0 0 1021 0 0 0 0 1347 0 751 0 1617 0 0 0 0 0 0 0 1051 0 0 0 0 1028 0 1422 0 0 0 0 0 0 
0 0 538 961 0 0 0 0 0 939 0 2274 0 0 0 0 2674 0 0 0 0 0 0 1950 0 0 2207 0 0 0 0 0 0 0 0 0 0 0 
0 0 986 0 0 2603 1732 0 963 0 0 0 0 0 0 0 0 0 0 0 0 0 0 0 1698 0 0 0 1743 0 0 2031 1207 0 0 0 0 
0 0 0 0 930 0 0 0 0 0 816 487 0 0 0 935 684 856 0 0 0 0 0 0 0 0 724 0 0 861 0 431 0 387 0 0 
0 0 567 0 0 0 228 412 0 542 0 302 0 0 621 0 0 0 0 0 474 0 0 537 0 0 0 0 0 0 286 0 0 513 0 
0 0 1103 0 449 0 0 988 0 578 0 1020 0 0 0 1016 0 0 712 0 0 0 959 0 858 0 0 0 0 0 0 0 917 0 
947 0 686 0 0 0 924 0 0 504 0 1086 0 0 0 0 0 0 0 706 0 896 0 0 0 0 955 0 0 0 0 857 781 
2676 0 0 0 1785 0 2349 0 1310 0 2821 0 0 0 2099 1613 0 0 0 0 0 1769 0 0 0 0 0 1241 0 0 0 0 
0 0 0 0 0 0 0 0 0 0 0 2142 2682 2284 1755 0 0 1995 0 2533 1925 0 0 0 2699 0 0 2982 1214 0 0 
0 0 0 0 0 0 948 0 0 1950 0 0 0 0 0 0 1327 0 0 0 0 0 0 0 0 899 1984 0 1611 1469 
0 0 0 0 0 581 0 0 0 0 1093 0 0 0 0 0 774 1032 0 0 0 1237 1100 0 0 0 0 987 0 
0 0 0 0 0 0 1136 1084 0 992 845 0 0 0 0 0 0 0 0 0 0 0 0 0 0 0 896 0 
1741 0 1018 0 0 0 0 1429 1789 0 0 0 0 1331 0 0 1284 1512 1301 0 1800 0 901 0 0 1615 0 
0 0 0 2413 0 0 0 0 2047 0 0 0 0 0 0 0 2032 0 0 0 0 1211 0 0 0 0 
1340 1251 0 0 2572 0 0 0 0 0 0 0 0 0 0 1990 0 0 0 0 1186 0 0 2125 0 
747 1411 0 0 0 1406 0 0 0 0 0 0 0 0 0 0 1591 0 0 0 0 0 0 0 
0 0 0 1048 0 0 0 0 0 0 930 0 0 0 0 0 0 0 661 1460 0 0 0 
2837 0 0 0 0 0 0 0 1844 0 0 0 0 0 0 0 0 0 0 0 0 2041 
3088 0 0 0 0 1983 0 2102 0 0 0 0 0 0 2844 0 1424 0 0 2551 0 
0 0 0 0 0 2251 2007 0 0 0 0 1962 0 0 0 1359 0 0 0 2221 
0 0 0 0 0 0 1397 0 1416 0 1435 0 0 0 0 0 893 0 0 
2103 1616 0 0 1837 0 0 0 0 0 0 0 2092 0 2746 0 0 0 
1376 1476 0 1565 1490 0 0 0 1530 2380 0 0 0 0 952 0 1731 
0 0 1202 0 0 0 1366 0 0 0 0 0 0 731 0 0 
0 1289 0 0 0 0 1260 0 0 0 873 0 0 0 0 
0 0 0 1479 0 0 0 0 0 0 0 0 1860 0 
0 0 0 0 0 0 1849 0 0 0 0 0 0 
0 0 0 1273 0 0 0 0 1946 792 0 0 
1675 1972 0 0 0 0 0 0 0 0 0 
0 0 0 0 1502 0 1971 0 0 0 
0 2362 0 0 0 0 0 1884 0 
0 0 1522 0 0 0 0 0 
0 0 1408 0 0 0 2301 
0 0 0 0 0 2046 
0 0 947 0 0 
1383 0 0 0 
1243 2479 0 
0 920 
0 
 
0
334387
 2226 2856 296 1891 2069 1806 2160 1123 1544 2332 2734 991 2240 2870 2466 2965 873 584 741 1204 2392 1309 1411 2638 2092 444 3144 1227 1576 3136 2643 2472 1260 646 3077 1954 752 815 3005 2042 2383 306 2607 179 2678 2343 2551 501 3242 3140 903 2489 2845 1836 2491 1017 392 958 3099 572 1962 1033 2847 555 2989 362 1878 541 1940 2659 1160 2205 879 846 968 2186 849 1332 2107 3049 1193 2743 132 1736 1180 2301 2927 2724 1455 2160 509 1941 1016 1380 2227 1450 759 2152 2537 2416 2612 957 708 683 927 1998 1710 946 968 405 2315 2360 2151 150 1526 2519 3048 3258 1522 2835 2782 2454 2386 3080 1097 1366 136 1646 1919 2818 374 1997 942 1838 2584 336 982 2749 909 2482 2738 2081 703 3197 1992 1449 3090 966 3154 3008 549 801 2777 3002 2934 258 1871 2975 1733 1708 809 2211 2327 297 131 418 365 2460 2913 1290 484 399 1296 2340 2244 801 698 2489 3235 2948 1576 2470 1792 1058 1216 1720 1367 1240 2204 1273 1765 1307 3163 2501 1773 627 3054 506 2013 1674
